typedef struct {
int run;
int mjd;
double bu;
double bg;
double br;
double bi;
double bz;
} BTERM;

#     run   <MJD>     bu      bg      br      bi      bz
BTERM  25   51551   0.001   0.023   0.024   0.028   0.002
BTERM  26   51580   0.001   0.025   0.025   0.029   0.002
BTERM  27   51609   0.001   0.024   0.024   0.028   0.002
BTERM  28   51639   0.001   0.023   0.024   0.028   0.002
BTERM  29   51668   0.001   0.015   0.022   0.025   0.002
BTERM  30   51698   0.001  -0.003   0.017   0.017   0.002
BTERM  31   51727   0.001  -0.015   0.014   0.012   0.002
BTERM  33   51786   0.001  -0.015   0.014   0.012   0.002
BTERM  34   51815   0.001   0.008   0.020   0.021   0.002
BTERM  35   51845   0.001   0.020   0.023   0.027   0.002
BTERM  36   51874   0.001   0.027   0.025   0.029   0.002
BTERM  37   51904   0.001   0.032   0.026   0.031   0.002
BTERM  38   51934   0.001   0.034   0.027   0.032   0.002
BTERM  39   51964   0.001   0.033   0.027   0.032   0.002
BTERM  40   51993   0.001   0.031   0.026   0.031   0.002
BTERM  41   52023   0.001   0.024   0.024   0.028   0.002
BTERM  42   52052   0.001   0.014   0.022   0.024   0.002
BTERM  43   52082   0.001  -0.004   0.017   0.017   0.002
BTERM  44   52111   0.001  -0.016   0.014   0.012   0.002
BTERM  45   52140   0.001  -0.041   0.009   0.010   0.002

