# SDSS data for the field of GRB050509B, imaged on Dec 15, 2004.  
# Compiled on May 11, 2005.
# 
# 1-2) ra, dec in degrees [J2000].
# 3) objc_type (=3 for an extended source, =6 for a point source)
# 4-8) u,g,r,i,z model magnitude
# 9-13) the error on the 5 color magnitudes
# 14-18) u,g,r,i,z Petrosian magnitude
# 19-23) the error on the 5 Petrosian magnitudes
# 24-28) u,g,r,i,z flag summary (==0 for good, ==1 for bad)
#	This is summary of the flags in each band, closely following the
#	prescription on http://www.sdss.org/dr3/products/catalogs/flags.html.
#	If the summary flag is 1, one should be cautious about using the
#	photometry in that band.
#
# We would recommend using the model magnitudes for colors of galaxies
# fainter than r=19.  Be careful about using magnitudes whose quoted errors
# are larger than 0.2 mag; these generally are simply low signal-to-noise
# ratio detections, but sometimes indicate complications in the reductions.
# Model magnitudes should be very similar to PSF magnitudes for point
# sources.  While we generally prefer Petrosian magnitudes to model
# magnitudes for the overall flux of a galaxy, Petrosian magnitudes are
# noisier at faint flux levels.
#
# Full documentation can be found at http://www.sdss.org/dr3
#
189.09412 29.03098 3 21.872 19.893 18.556 18.027 17.686 0.216 0.023 0.010 0.010 0.022 21.365 19.917 18.579 18.042 17.732 0.306 0.044 0.018 0.018 0.044 1 0 0 0 0
189.09323 29.02880 3 21.683 20.987 19.897 19.484 19.245 0.208 0.061 0.029 0.033 0.088 22.073 21.075 19.984 19.613 19.395 0.602 0.129 0.057 0.074 0.206 1 0 0 0 0
189.10242 29.03620 3 22.266 21.542 21.103 20.363 20.985 0.264 0.083 0.066 0.057 0.320 21.266 21.708 21.169 20.535 20.974 0.235 0.346 0.413 0.315 0.715 0 1 0 0 1
189.09187 29.04554 3 24.333 23.841 22.510 21.198 20.680 1.038 0.530 0.196 0.103 0.227 26.412 25.909 22.680 21.439 22.257 1.071 1.845 0.652 0.350 1.905 0 1 0 0 0
189.08963 29.04479 3 23.526 22.433 21.769 21.691 21.628 0.675 0.159 0.101 0.160 0.481 23.127 23.396 22.011 21.890 23.023 0.910 0.701 0.248 0.354 1.438 0 0 0 0 1
189.09550 29.03301 3 22.868 21.773 21.375 20.364 20.895 0.995 0.208 0.180 0.122 0.663 23.163 22.504 21.802 20.845 21.596 1.389 0.424 0.296 0.203 1.268 0 1 0 0 1
189.04826 29.01678 6 20.820 18.209 16.915 16.257 15.900 0.068 0.007 0.005 0.004 0.006 20.702 18.273 16.954 16.314 15.967 0.097 0.007 0.004 0.003 0.007 0 0 0 0 0
189.04688 29.01584 3 23.750 23.614 22.088 21.860 22.187 0.763 0.421 0.131 0.173 0.665 23.130 23.208 22.183 21.748 23.226 0.945 0.585 0.304 0.343 1.734 1 0 0 0 1
189.05365 28.98302 3 20.307 18.525 17.105 16.588 16.236 0.127 0.015 0.007 0.006 0.014 19.856 18.624 17.175 16.643 16.268 0.231 0.044 0.017 0.017 0.035 0 0 0 0 0
189.06064 28.95502 6 20.135 17.597 16.579 16.232 16.072 0.042 0.005 0.004 0.004 0.007 20.107 17.656 16.619 16.292 16.128 0.059 0.005 0.003 0.003 0.007 0 0 0 0 0
189.06230 28.95555 3 23.261 22.545 22.073 21.747 21.006 0.538 0.161 0.123 0.148 0.275 23.184 22.448 22.133 21.525 20.882 0.855 0.255 0.290 0.285 0.491 1 0 0 0 1
189.06798 29.02177 6 22.412 20.242 19.096 18.432 18.003 0.237 0.023 0.012 0.010 0.021 22.842 20.257 19.152 18.494 18.061 0.641 0.035 0.017 0.015 0.034 1 0 0 0 0
189.07010 29.02221 6 22.384 21.279 21.055 21.016 20.564 0.254 0.054 0.050 0.077 0.185 22.127 21.482 21.078 21.365 20.802 0.432 0.125 0.108 0.242 0.469 1 0 0 0 0
189.07303 29.02706 6 22.925 20.123 18.999 18.538 18.319 0.369 0.022 0.011 0.011 0.027 22.678 20.177 19.040 18.600 18.372 0.566 0.033 0.016 0.017 0.046 0 0 0 0 0
189.07439 29.04327 6 22.370 19.936 18.596 17.337 16.716 0.233 0.020 0.012 0.009 0.011 22.383 19.982 18.627 17.402 16.770 0.436 0.028 0.011 0.007 0.012 0 1 0 0 0
189.08194 29.05485 3 18.789 17.019 16.096 15.660 15.306 0.038 0.006 0.005 0.005 0.008 18.559 16.961 16.044 15.638 15.321 0.070 0.011 0.010 0.007 0.017 1 0 0 1 0
189.08311 29.01006 6 20.960 19.479 18.890 18.634 18.526 0.072 0.014 0.010 0.012 0.031 20.640 19.520 18.940 18.747 18.516 0.090 0.018 0.014 0.019 0.050 0 0 0 0 0
189.08360 28.98568 3 21.235 18.982 17.655 17.129 16.859 0.210 0.017 0.008 0.008 0.018 20.879 18.860 17.651 17.145 17.017 0.464 0.048 0.024 0.021 0.056 0 0 1 0 0
189.08768 28.99149 3 20.259 18.245 16.760 16.241 15.913 0.164 0.016 0.006 0.006 0.014 20.322 18.449 17.011 16.476 16.192 0.387 0.040 0.022 0.023 0.040 0 0 0 0 0
189.08676 28.99152 6 22.130 20.987 19.577 18.914 18.613 0.197 0.046 0.018 0.016 0.038 22.069 21.119 19.682 19.018 18.667 0.339 0.175 0.174 0.190 0.156 0 0 0 0 0
189.07964 28.98378 3 22.953 20.784 19.411 18.907 18.652 0.493 0.044 0.017 0.018 0.045 21.927 20.716 19.432 18.894 18.722 0.446 0.085 0.038 0.039 0.095 1 0 0 1 0
189.08345 28.99103 3 23.096 20.544 19.106 18.621 18.368 0.727 0.045 0.017 0.017 0.045 23.365 20.631 19.191 18.736 18.310 2.227 0.105 0.038 0.041 0.094 1 0 0 0 0
189.09030 28.98530 3 23.657 22.181 20.273 19.387 18.935 0.828 0.145 0.033 0.025 0.057 25.087 22.447 20.273 19.316 18.796 2.593 0.403 0.080 0.058 0.120 0 0 1 0 0
189.08301 28.98646 6 24.898 22.026 20.765 20.759 20.039 0.841 0.101 0.040 0.063 0.116 24.221 22.147 20.890 20.907 20.165 1.549 0.294 0.203 0.335 0.362 0 0 0 0 0
189.08472 28.98970 3 22.911 21.748 20.272 19.885 19.450 0.667 0.137 0.045 0.052 0.122 22.786 22.233 20.402 20.169 19.735 1.368 0.449 0.114 0.155 0.342 1 0 0 0 0
189.07973 28.98776 3 22.823 22.674 20.914 19.912 19.840 0.580 0.286 0.074 0.050 0.159 23.859 22.835 20.948 19.897 19.217 3.121 0.794 0.141 0.122 0.217 0 1 0 0 0
189.08018 28.98630 3 22.424 22.265 20.460 19.645 19.492 0.553 0.270 0.067 0.053 0.160 23.358 21.999 20.795 19.951 20.047 2.293 0.385 0.121 0.131 0.488 1 0 0 0 0
189.09273 28.99169 3 22.106 21.972 20.890 20.437 20.097 0.299 0.148 0.068 0.075 0.195 21.674 21.828 20.874 20.493 20.365 0.659 0.327 0.182 0.282 0.612 1 0 0 0 0
189.09045 28.99217 3 24.251 22.197 20.795 21.164 21.240 2.915 0.360 0.127 0.296 1.058 24.790 22.383 21.378 21.576 21.375 2.819 0.382 0.211 0.420 1.068 1 0 1 0 0
189.08887 28.98520 3 25.042 22.854 22.366 21.761 21.229 1.020 0.241 0.183 0.175 0.377 24.865 22.488 22.457 21.440 21.419 2.782 0.417 0.558 0.350 1.105 0 1 0 0 0
189.07970 28.98942 3 23.761 23.822 22.183 21.444 21.764 0.895 0.583 0.170 0.149 0.616 22.643 23.777 22.307 21.322 22.216 0.890 1.267 0.466 0.314 1.867 0 0 0 0 0
189.07925 28.99053 3 23.003 23.306 21.995 21.823 23.324 0.595 0.438 0.164 0.233 0.969 22.665 23.930 22.307 21.435 24.661 0.907 1.422 0.466 0.348 0.774 1 0 0 0 1
189.09521 28.99336 3 23.007 23.456 22.468 21.939 21.920 0.448 0.377 0.185 0.194 0.585 25.636 23.519 22.910 22.424 21.008 1.952 1.029 0.795 0.843 0.786 1 0 0 1 0
189.09662 28.99216 3 24.076 24.353 22.046 22.704 21.060 1.333 1.030 0.194 0.568 0.445 22.596 25.098 22.532 24.341 20.440 1.106 3.048 0.738 3.342 0.617 0 0 1 1 0
189.08546 28.98365 3 24.018 22.923 22.821 21.166 21.608 1.955 0.476 0.617 0.212 1.052 23.878 23.381 22.325 21.332 22.202 3.649 1.471 0.760 0.317 2.978 0 1 1 1 0
189.08908 28.98670 3 25.902 23.283 22.003 21.679 20.851 0.877 0.483 0.193 0.247 0.391 25.320 23.075 22.153 21.796 21.372 2.359 0.708 0.406 0.482 1.065 0 0 0 0 0
189.09351 28.99304 3 24.499 24.012 22.301 22.757 21.586 1.217 0.690 0.192 0.468 0.557 24.112 23.733 22.029 21.407 20.576 3.302 1.586 0.469 0.438 0.698 0 0 0 1 0
189.08932 28.95838 3 20.603 18.979 18.153 17.662 17.401 0.093 0.013 0.009 0.009 0.021 20.466 18.996 18.206 17.712 17.403 0.177 0.027 0.016 0.017 0.043 0 0 0 0 0
189.08717 28.95754 3 22.708 22.470 21.479 21.322 20.713 0.344 0.154 0.075 0.107 0.220 22.750 22.496 21.419 21.928 21.199 0.788 0.333 0.173 0.567 0.730 0 0 0 0 1
189.10637 29.00920 6 20.193 19.143 18.761 18.587 18.584 0.042 0.011 0.010 0.011 0.033 20.015 19.199 18.790 18.713 18.619 0.055 0.015 0.013 0.019 0.056 0 0 0 0 0
189.10684 29.00755 3 22.259 20.774 20.198 19.847 19.670 0.273 0.043 0.032 0.038 0.108 22.125 20.757 20.304 20.042 19.574 0.510 0.082 0.069 0.088 0.199 1 0 0 0 0
189.03323 28.97449 6 23.810 20.974 19.548 18.736 18.297 0.712 0.040 0.016 0.012 0.027 22.867 21.087 19.607 18.805 18.311 0.662 0.072 0.025 0.020 0.043 0 0 0 0 0
189.04060 29.01328 6 23.446 21.354 19.943 18.329 17.448 0.558 0.055 0.020 0.010 0.014 23.478 21.526 19.954 18.340 17.508 1.158 0.111 0.036 0.015 0.023 0 0 0 0 0
189.03992 29.01491 6 23.896 24.031 22.477 22.935 22.480 0.738 0.508 0.155 0.361 0.648 23.154 24.339 22.864 23.053 22.866 0.640 0.885 0.352 0.734 0.995 0 0 0 1 1
189.04495 28.97818 3 22.819 20.742 19.411 18.920 18.577 0.475 0.044 0.019 0.019 0.044 22.021 20.644 19.465 18.927 18.553 0.504 0.078 0.036 0.036 0.085 0 0 0 0 0
189.04762 28.97209 3 22.359 20.214 18.910 18.390 18.039 0.385 0.033 0.014 0.014 0.033 24.487 20.180 18.998 18.488 18.092 3.389 0.062 0.028 0.028 0.067 0 0 0 0 0
189.05040 29.00238 3 22.918 20.601 19.212 18.674 18.332 0.559 0.041 0.016 0.016 0.038 21.344 20.664 19.248 18.756 18.500 0.292 0.083 0.031 0.032 0.086 0 0 0 0 0
189.05109 29.00039 3 20.583 19.895 19.413 19.114 19.012 0.082 0.025 0.020 0.024 0.073 20.531 19.906 19.321 19.092 19.368 0.180 0.052 0.041 0.054 0.237 0 0 0 0 0
189.05104 28.99844 3 23.718 22.701 22.079 21.900 21.013 0.808 0.208 0.137 0.189 0.309 24.216 22.711 22.137 22.042 21.995 2.264 0.427 0.336 0.507 1.499 0 0 0 0 1
189.05431 28.99380 3 22.437 20.659 19.631 19.258 19.010 0.334 0.040 0.025 0.023 0.061 21.848 20.781 19.708 19.397 19.110 0.411 0.083 0.041 0.052 0.133 0 0 0 0 0
189.06023 29.03681 3 25.359 21.168 20.161 19.754 19.510 0.809 0.052 0.028 0.030 0.078 23.216 20.929 20.077 19.968 19.331 2.312 0.161 0.062 0.145 0.278 0 0 0 0 0
189.06340 29.05644 3 21.700 19.484 18.656 18.309 18.015 0.260 0.021 0.015 0.016 0.037 20.830 19.600 18.800 18.503 18.162 0.238 0.041 0.027 0.032 0.081 0 0 0 0 0
189.06563 28.99868 3 23.918 21.393 20.002 19.503 19.198 0.859 0.066 0.025 0.028 0.063 22.608 21.422 20.016 19.494 19.151 0.671 0.123 0.048 0.046 0.130 0 0 0 0 0
189.06689 28.94754 3 21.700 20.375 19.055 18.565 18.243 0.254 0.043 0.018 0.018 0.044 21.108 20.479 19.110 18.645 18.318 0.366 0.109 0.042 0.045 0.113 0 0 0 0 0
189.07188 28.94464 6 23.759 21.208 19.701 18.270 17.488 0.721 0.048 0.017 0.009 0.015 23.222 21.344 19.776 18.340 17.535 0.858 0.088 0.029 0.014 0.023 0 0 0 0 0
189.06987 28.94490 6 24.903 23.150 22.055 21.401 21.300 1.069 0.294 0.132 0.121 0.376 23.716 23.806 22.250 22.241 21.103 1.430 0.950 0.304 0.580 0.622 0 1 0 0 0
189.08104 29.01417 3 20.886 19.916 19.364 19.002 18.851 0.092 0.023 0.019 0.021 0.056 20.763 19.945 19.369 19.126 18.880 0.166 0.042 0.032 0.043 0.117 0 0 0 0 0
189.08284 28.99434 6 23.929 21.529 20.085 18.820 18.197 0.718 0.064 0.023 0.013 0.025 22.498 21.666 20.033 18.810 18.209 0.811 0.133 0.053 0.035 0.053 1 0 0 0 0
189.08594 28.96568 3 21.496 19.331 17.971 17.448 17.134 0.240 0.021 0.009 0.009 0.020 21.120 19.369 18.004 17.526 17.237 0.455 0.049 0.021 0.023 0.052 1 0 0 0 0
189.08710 28.96708 3 23.471 22.049 21.375 20.999 20.554 1.074 0.180 0.120 0.142 0.330 21.588 22.392 21.513 21.274 20.930 0.446 0.511 0.251 0.417 0.982 0 0 0 0 1
189.08859 28.98167 3 23.361 20.752 19.430 18.861 18.541 0.716 0.044 0.018 0.018 0.042 22.842 20.849 19.432 18.932 18.637 1.073 0.108 0.048 0.047 0.096 0 0 0 0 0
189.09189 28.98276 3 24.508 21.240 19.942 19.404 19.081 1.037 0.058 0.024 0.024 0.058 23.431 21.480 19.986 19.511 19.048 1.293 0.128 0.044 0.046 0.103 0 0 0 0 0
189.09415 29.01309 3 21.987 20.428 19.430 18.954 18.630 0.234 0.034 0.020 0.020 0.046 22.136 20.466 19.446 19.056 18.668 0.574 0.067 0.035 0.040 0.096 0 0 0 0 0
189.09373 28.97181 6 21.754 20.532 20.079 19.894 19.712 0.145 0.029 0.025 0.031 0.085 21.728 20.581 20.186 20.103 19.876 0.230 0.046 0.040 0.060 0.166 0 0 0 0 0
189.10196 29.00462 3 21.870 19.803 18.510 17.978 17.611 0.321 0.030 0.015 0.014 0.030 20.551 19.882 18.640 18.206 17.867 0.285 0.081 0.028 0.041 0.094 1 0 0 0 0
189.10393 29.00215 3 23.450 20.676 19.544 19.069 18.762 0.779 0.043 0.021 0.022 0.053 21.837 20.881 19.611 19.241 18.595 0.500 0.106 0.040 0.051 0.105 1 0 0 0 0
189.10733 28.94151 6 23.978 21.502 20.442 20.031 19.760 0.812 0.062 0.031 0.034 0.089 22.812 21.486 20.495 20.138 19.522 0.611 0.104 0.056 0.067 0.133 0 0 0 0 0
189.11028 28.99987 3 21.459 19.750 18.584 18.164 17.785 0.171 0.022 0.011 0.012 0.026 20.872 19.683 18.557 18.165 17.777 0.234 0.042 0.020 0.023 0.055 0 0 0 1 0
189.10847 28.99941 3 24.892 23.287 21.750 21.302 21.303 1.056 0.351 0.107 0.120 0.405 22.865 22.527 21.706 21.199 22.263 1.064 0.423 0.267 0.279 1.988 1 1 0 0 0
189.11246 29.04070 3 22.297 20.939 20.320 20.107 20.281 0.238 0.042 0.029 0.038 0.150 22.105 20.878 20.348 20.229 19.905 0.385 0.073 0.059 0.141 0.316 0 0 0 0 0
189.11189 29.04141 6 24.369 23.804 21.791 20.098 19.390 0.840 0.432 0.086 0.034 0.063 23.839 25.176 21.560 20.125 19.508 1.960 28.452 0.567 0.147 0.249 0 0 0 0 0
189.11105 28.98236 3 25.604 21.255 19.998 19.477 19.266 0.747 0.060 0.025 0.025 0.069 25.239 21.444 20.020 19.573 19.298 2.044 0.138 0.051 0.054 0.142 0 0 0 0 0
189.11076 28.98387 3 21.242 20.307 19.580 19.264 19.074 0.127 0.031 0.020 0.024 0.068 21.344 20.371 19.578 19.357 19.221 0.287 0.064 0.040 0.054 0.163 0 0 0 0 0
189.10869 28.98469 3 25.676 22.664 21.461 21.211 20.781 0.668 0.188 0.076 0.101 0.239 22.996 22.671 21.585 21.152 22.068 1.116 0.346 0.169 0.187 1.215 0 0 1 0 0
189.11427 28.98163 3 22.146 20.573 19.215 18.715 18.404 0.265 0.038 0.016 0.016 0.038 21.532 20.587 19.264 18.772 18.544 0.322 0.073 0.029 0.030 0.083 0 0 0 0 0
189.11945 29.02728 3 22.947 20.729 19.388 18.896 18.661 0.496 0.042 0.017 0.018 0.045 23.482 20.801 19.434 19.039 18.588 1.611 0.082 0.032 0.036 0.083 0 0 0 1 0
189.11879 28.96227 6 23.208 20.748 19.288 17.723 16.919 0.463 0.033 0.013 0.007 0.011 23.034 20.823 19.336 17.815 16.955 0.730 0.055 0.020 0.009 0.014 0 0 0 0 0
189.12410 29.02804 3 22.529 21.104 19.795 19.282 19.001 0.353 0.058 0.023 0.024 0.061 22.013 21.090 19.845 19.390 18.877 0.487 0.112 0.047 0.051 0.116 1 0 0 0 0
189.12233 29.02755 3 21.976 21.099 20.955 20.678 20.604 0.172 0.046 0.045 0.059 0.190 21.803 21.291 20.955 20.717 20.105 0.273 0.091 0.102 0.124 0.252 0 0 0 0 0
189.12645 28.97695 3 23.298 20.861 19.459 18.882 18.658 0.650 0.046 0.021 0.018 0.044 22.203 20.844 19.478 18.883 18.688 0.565 0.091 0.034 0.034 0.093 0 0 0 0 0
189.04160 29.04772 6 24.215 21.920 20.613 19.694 19.105 0.907 0.091 0.034 0.025 0.051 22.996 22.602 20.588 19.765 19.259 0.868 0.394 0.070 0.052 0.113 0 0 0 0 0
189.03842 28.94878 6 23.607 22.346 20.930 19.317 18.414 0.659 0.127 0.043 0.018 0.029 24.043 22.567 20.973 19.352 18.454 1.559 0.285 0.090 0.036 0.059 0 0 0 0 0
189.04436 28.94643 3 24.365 21.732 20.182 19.727 19.554 1.133 0.091 0.029 0.030 0.089 23.330 21.926 20.236 19.710 19.597 1.269 0.204 0.058 0.059 0.181 0 0 0 0 0
189.03905 28.94557 3 24.141 21.725 20.501 19.938 19.592 1.049 0.091 0.038 0.036 0.093 22.377 21.770 20.580 19.988 19.640 0.545 0.169 0.075 0.075 0.178 0 0 0 0 0
189.03990 28.94682 3 24.121 23.106 21.034 20.023 19.354 1.231 0.353 0.070 0.046 0.088 23.600 23.333 21.046 20.189 19.229 1.824 0.847 0.163 0.106 0.178 0 0 0 0 0
189.04213 28.94633 3 23.670 22.940 21.453 20.509 19.954 0.801 0.253 0.081 0.056 0.121 22.607 22.906 21.516 20.459 19.816 0.675 0.462 0.172 0.108 0.213 0 1 0 0 0
189.03925 28.94787 3 24.436 23.908 21.816 21.216 21.061 1.122 0.560 0.112 0.105 0.322 22.825 26.466 21.645 20.757 21.573 1.666 2.100 0.274 0.315 2.338 0 0 0 0 0
189.10919 28.96092 6 24.672 22.545 21.030 19.473 18.723 0.910 0.151 0.046 0.021 0.037 25.005 22.444 21.078 19.552 18.870 1.603 0.240 0.094 0.043 0.070 0 0 0 0 0
189.11336 29.04394 6 24.493 22.285 20.885 19.655 18.995 0.879 0.119 0.040 0.024 0.045 24.570 22.412 20.888 19.836 19.028 1.888 0.290 0.086 0.074 0.090 0 0 0 0 0
189.03181 28.97834 3 22.087 21.294 20.620 20.364 20.109 0.231 0.060 0.040 0.050 0.140 21.745 21.316 20.751 20.387 20.259 0.321 0.115 0.091 0.106 0.320 0 0 0 0 0
189.03407 29.03138 3 21.605 21.118 20.653 20.563 20.463 0.192 0.067 0.056 0.081 0.255 21.150 21.066 20.639 20.866 19.631 0.294 0.146 0.102 0.298 0.306 0 0 0 0 0
189.03241 28.96759 3 21.754 22.358 21.631 21.605 21.087 0.162 0.143 0.087 0.133 0.303 21.767 24.028 21.520 22.169 20.860 0.407 1.988 0.239 0.735 0.689 0 0 0 0 0
189.05492 29.02311 6 21.757 20.724 20.495 20.386 20.476 0.145 0.033 0.030 0.042 0.160 21.769 20.749 20.574 20.482 21.239 0.238 0.052 0.057 0.085 0.554 0 0 0 0 0
189.05617 29.02240 3 23.787 22.410 21.885 21.531 21.261 0.832 0.159 0.117 0.143 0.372 24.550 22.723 22.149 21.555 23.088 2.188 0.408 0.321 0.311 1.606 0 0 0 0 0
189.06409 28.94505 3 22.294 21.949 21.560 21.691 22.697 0.288 0.111 0.095 0.174 0.872 22.815 22.052 21.870 21.292 23.547 0.947 0.264 0.362 0.281 1.658 0 0 0 0 0
189.07445 28.97342 3 21.143 20.920 20.665 20.266 19.819 0.120 0.053 0.050 0.057 0.133 20.993 21.153 20.798 20.556 19.559 0.204 0.124 0.118 0.157 0.236 0 0 0 0 0
189.07480 28.96140 6 21.885 21.327 20.927 20.798 20.402 0.163 0.054 0.044 0.061 0.154 21.888 21.365 20.994 21.183 21.083 0.290 0.093 0.093 0.163 0.545 0 0 0 0 0
189.07629 28.96568 3 21.787 20.765 19.837 19.406 19.181 0.207 0.046 0.026 0.028 0.076 22.058 21.047 19.882 19.442 19.271 0.534 0.114 0.051 0.057 0.167 0 0 0 0 0
189.07797 28.96633 6 22.745 22.442 21.918 21.565 21.503 0.324 0.137 0.097 0.115 0.379 23.429 22.277 22.578 21.746 22.612 0.991 0.186 0.353 0.246 1.149 0 0 0 0 0
189.08028 28.95787 3 20.995 19.931 18.903 18.513 18.172 0.157 0.034 0.019 0.020 0.048 20.919 19.842 18.967 18.656 18.465 0.326 0.065 0.036 0.047 0.137 0 0 0 0 0
189.08290 28.97382 3 21.402 20.854 20.321 20.091 20.117 0.157 0.053 0.042 0.054 0.187 21.875 20.856 20.328 20.035 21.021 0.531 0.112 0.077 0.114 1.273 0 0 0 0 0
189.08707 28.93659 6 25.325 23.750 22.141 21.417 21.062 0.809 0.412 0.122 0.104 0.272 26.056 23.523 22.425 21.373 21.724 0.712 0.539 0.261 0.205 0.761 0 0 0 0 1
189.09680 28.94613 3 21.039 20.179 19.915 19.645 19.581 0.154 0.038 0.058 0.057 0.158 21.246 20.380 19.726 19.759 19.336 0.565 0.139 0.111 0.162 0.412 0 0 0 0 0
189.10951 29.01501 3 21.922 21.445 20.831 20.625 20.271 0.199 0.074 0.051 0.071 0.176 21.691 21.703 20.909 21.251 19.943 0.351 0.188 0.121 0.300 0.299 0 0 0 0 0
189.13010 28.96591 3 20.730 19.589 19.009 18.619 18.509 0.133 0.022 0.017 0.019 0.056 20.409 19.615 19.100 18.689 18.710 0.178 0.046 0.037 0.042 0.148 0 0 0 0 0
189.12848 28.96499 3 22.371 21.834 21.262 21.093 21.197 0.344 0.115 0.086 0.123 0.444 21.962 21.842 21.334 20.963 20.830 0.511 0.238 0.192 0.232 0.764 0 0 0 0 1
189.13957 29.00340 6 22.288 21.248 20.943 20.799 20.927 0.218 0.050 0.043 0.062 0.233 22.270 21.282 20.874 21.113 20.861 0.439 0.104 0.109 0.176 0.483 0 0 0 0 0
189.03430 29.01591 6 25.068 22.686 22.064 22.439 21.963 0.936 0.187 0.123 0.270 0.561 25.151 22.880 22.071 23.741 22.753 2.118 0.497 0.386 2.135 2.001 0 0 0 0 1
189.03284 28.95892 3 23.734 22.209 21.800 20.884 20.420 0.906 0.145 0.119 0.084 0.201 23.759 22.093 21.978 21.048 20.456 1.576 0.227 0.252 0.195 0.355 0 0 0 0 0
189.03613 29.00584 6 24.768 22.382 21.436 21.091 20.419 0.927 0.133 0.066 0.076 0.155 25.911 22.697 21.485 21.337 20.462 1.012 0.307 0.137 0.198 0.291 0 0 0 0 0
189.03494 28.95321 3 23.853 21.779 20.539 20.082 19.548 1.024 0.104 0.044 0.046 0.098 22.328 21.857 20.710 20.202 19.720 0.658 0.218 0.104 0.104 0.235 0 0 0 0 0
189.03648 28.96073 6 22.747 21.445 21.096 20.778 20.059 0.384 0.067 0.057 0.068 0.129 22.272 21.681 21.084 20.864 20.073 0.507 0.156 0.121 0.176 0.295 0 0 0 0 0
189.03804 28.98684 3 23.911 21.571 20.241 19.767 19.479 0.891 0.076 0.029 0.030 0.081 23.742 22.450 20.299 19.829 19.340 1.729 0.393 0.063 0.066 0.146 0 0 1 0 0
189.03873 28.95902 6 22.645 21.934 21.347 21.380 21.040 0.303 0.088 0.060 0.095 0.257 22.448 21.878 21.317 21.680 20.828 0.582 0.156 0.174 0.377 0.435 0 0 0 0 0
189.03960 28.96115 3 22.280 21.287 20.413 20.076 19.578 0.378 0.085 0.053 0.062 0.129 21.975 21.378 20.481 20.328 20.082 0.505 0.152 0.088 0.126 0.350 0 0 0 0 0
189.04335 29.01839 3 25.878 22.914 21.671 20.740 20.404 0.588 0.240 0.094 0.066 0.176 25.577 22.935 21.726 20.574 20.300 1.374 0.434 0.198 0.118 0.285 1 0 0 0 0
189.04524 29.00989 6 23.737 23.437 22.744 22.178 22.714 0.683 0.327 0.200 0.197 0.685 24.036 23.540 23.549 22.926 22.361 1.027 0.438 0.562 0.544 0.870 1 0 0 0 0
189.04366 29.01045 3 22.280 21.991 21.125 20.474 20.185 0.375 0.159 0.093 0.084 0.222 21.262 21.595 20.991 20.431 19.845 0.332 0.239 0.181 0.179 0.359 0 0 0 0 0
189.04271 28.97289 6 23.494 22.542 21.933 21.612 20.642 0.601 0.156 0.104 0.125 0.194 23.220 22.884 22.306 21.992 20.822 0.775 0.317 0.250 0.315 0.356 0 0 0 0 0
189.04214 28.94120 3 23.944 22.684 22.189 22.316 21.322 0.946 0.200 0.153 0.272 0.394 23.313 22.366 22.818 22.770 21.492 0.965 0.265 0.461 0.699 0.724 1 0 0 0 0
189.04488 28.99757 3 23.497 22.379 22.388 21.562 21.960 0.635 0.144 0.165 0.128 0.576 21.868 22.194 22.406 24.312 20.039 0.576 0.413 0.509 3.333 0.429 0 0 0 0 0
189.04584 28.95013 6 26.096 22.399 21.324 20.844 20.207 0.470 0.138 0.063 0.065 0.135 26.552 22.605 21.372 20.949 20.450 0.670 0.316 0.138 0.139 0.335 0 0 0 0 0
189.04765 28.96934 3 23.417 22.816 22.535 22.710 22.510 0.562 0.194 0.171 0.311 0.673 23.274 23.027 23.147 22.421 22.675 0.643 0.288 0.413 0.360 0.923 0 0 0 0 0
189.05206 29.03945 3 24.243 22.514 21.853 21.221 21.059 0.982 0.164 0.105 0.096 0.293 22.560 21.958 22.118 20.917 19.749 0.973 0.510 0.443 0.434 0.551 0 0 0 1 0
189.04968 28.96083 3 23.438 21.124 19.752 19.316 19.194 1.011 0.076 0.029 0.031 0.093 25.211 21.300 19.878 19.399 19.110 3.197 0.189 0.057 0.073 0.185 0 0 0 0 0
189.04845 28.96162 3 23.461 22.462 21.381 20.946 20.375 0.975 0.233 0.110 0.126 0.254 23.260 22.449 21.345 20.798 20.315 1.535 0.485 0.447 0.377 0.490 0 1 1 0 1
189.04965 28.96575 3 23.453 21.948 21.992 21.683 22.089 0.802 0.126 0.155 0.194 0.813 22.931 21.871 22.516 22.046 19.915 0.833 0.232 0.411 0.463 0.464 0 0 0 0 0
189.05345 29.04375 3 22.582 21.296 20.502 19.977 19.681 0.514 0.091 0.056 0.057 0.149 22.427 21.489 20.451 20.461 20.696 0.952 0.217 0.111 0.184 0.774 0 1 0 0 0
189.05188 28.99696 3 25.855 22.798 21.433 21.225 20.442 0.548 0.198 0.069 0.091 0.166 25.233 22.885 21.720 21.040 20.392 1.385 0.338 0.157 0.138 0.259 0 0 0 0 0
189.05072 28.94629 3 22.202 21.160 20.723 20.441 19.940 0.321 0.068 0.059 0.073 0.158 23.509 21.212 20.729 20.616 20.891 1.960 0.142 0.111 0.182 0.774 0 0 0 0 0
189.05173 28.97515 3 21.854 21.374 20.857 20.587 21.206 0.210 0.074 0.056 0.070 0.419 22.215 21.501 21.032 20.848 20.789 0.615 0.168 0.148 0.202 0.650 0 0 0 0 0
189.05513 28.99105 3 24.003 22.706 22.121 22.054 22.116 0.972 0.212 0.149 0.225 0.706 24.555 23.222 22.472 24.330 22.847 2.211 0.615 0.476 2.032 1.646 0 0 0 0 0
189.05820 28.98802 3 23.102 22.252 21.332 20.887 20.399 0.545 0.150 0.079 0.086 0.196 24.402 22.253 21.440 21.139 20.688 2.170 0.266 0.168 0.191 0.494 0 0 0 0 0
189.06163 29.05379 3 23.996 22.820 22.213 22.671 21.492 0.815 0.196 0.128 0.302 0.374 24.605 22.921 22.629 22.075 21.757 1.599 0.344 0.346 0.337 0.767 0 0 0 0 0
189.06226 29.00053 3 23.472 22.266 21.553 21.039 20.930 0.683 0.142 0.088 0.091 0.286 23.556 22.458 21.802 20.901 20.287 1.484 0.318 0.247 0.165 0.331 0 0 0 0 0
189.06001 29.00113 3 23.607 22.702 21.699 21.595 21.232 0.654 0.184 0.087 0.128 0.326 24.565 22.946 21.926 21.852 22.341 1.617 0.369 0.190 0.289 1.126 0 0 0 0 0
189.05766 28.95309 3 23.236 22.492 21.792 21.109 20.559 1.693 0.480 0.318 0.282 0.606 24.771 23.813 22.409 22.553 21.432 2.820 1.301 0.510 0.940 1.114 0 0 0 1 0
189.06241 29.01709 6 24.213 23.205 22.141 22.063 21.216 0.936 0.300 0.136 0.207 0.339 22.443 22.628 22.469 22.786 20.838 0.609 0.384 0.412 1.000 0.537 0 0 0 0 0
189.06206 29.01802 3 22.347 22.336 21.968 21.686 21.252 0.311 0.171 0.149 0.185 0.428 21.400 24.278 21.852 24.178 20.051 0.466 2.877 0.309 4.076 0.538 1 0 0 0 0
189.06180 28.97944 3 23.155 21.506 20.241 19.728 19.464 0.515 0.070 0.029 0.029 0.078 23.907 21.559 20.279 19.774 19.707 1.650 0.130 0.054 0.055 0.178 0 0 0 0 0
189.06439 29.03551 3 24.087 21.298 20.772 20.723 20.215 1.452 0.088 0.068 0.107 0.231 22.383 21.139 20.821 20.511 20.399 1.117 0.202 0.120 0.304 0.728 0 0 0 0 0
189.06444 29.02921 3 22.591 21.399 20.431 20.102 19.671 0.376 0.075 0.039 0.047 0.109 21.814 21.215 20.376 20.258 19.476 0.425 0.132 0.085 0.151 0.208 0 0 0 1 0
189.06184 28.94346 6 22.945 22.456 21.730 21.351 21.158 0.405 0.143 0.088 0.100 0.297 21.847 22.911 21.350 21.920 23.230 0.601 0.594 0.347 0.589 1.976 0 0 0 0 0
189.06485 29.00222 3 23.310 21.676 20.385 19.942 19.654 0.720 0.101 0.040 0.044 0.115 22.290 21.577 20.395 20.267 19.616 0.770 0.212 0.082 0.144 0.263 0 0 0 0 0
189.06506 28.95860 3 23.218 22.439 22.208 22.221 21.340 0.577 0.167 0.160 0.263 0.414 22.607 23.333 22.332 22.518 21.143 1.114 1.139 0.476 1.183 1.140 0 0 0 0 0
189.06772 29.02764 3 25.727 22.304 21.609 21.090 20.433 0.783 0.164 0.111 0.111 0.212 24.046 22.186 21.777 21.362 20.393 2.145 0.302 0.242 0.270 0.386 1 0 0 0 0
189.06857 29.03386 3 22.900 22.272 21.793 21.967 21.467 0.568 0.183 0.143 0.273 0.586 21.800 22.420 21.962 22.832 21.540 0.481 0.397 0.341 1.268 1.212 0 0 0 0 0
189.06499 28.93386 3 22.428 22.044 21.426 21.407 21.257 0.349 0.128 0.089 0.144 0.421 22.397 21.753 21.786 21.954 21.918 0.618 0.181 0.268 0.486 1.337 1 0 0 0 0
189.06882 28.93881 3 22.142 21.440 20.738 20.463 20.096 0.277 0.078 0.052 0.064 0.159 21.960 21.421 20.877 20.514 19.762 0.522 0.157 0.126 0.148 0.268 0 0 0 0 0
189.06952 28.96167 3 24.329 22.394 21.266 20.779 20.778 1.314 0.195 0.086 0.091 0.316 22.058 24.305 21.275 21.783 16.602 0.684 2.360 0.182 0.616 0.019 0 0 0 0 0
189.07114 28.99734 3 23.235 22.576 21.576 21.353 20.902 0.551 0.179 0.086 0.116 0.272 22.741 22.999 21.666 21.555 22.012 0.761 0.484 0.184 0.279 1.615 0 0 0 0 0
189.07254 29.01846 3 22.888 21.307 20.120 19.618 19.202 0.435 0.064 0.028 0.029 0.067 22.776 21.393 20.075 19.571 19.047 0.922 0.140 0.056 0.060 0.136 1 0 0 0 0
189.07291 28.98884 3 23.614 21.547 20.296 19.840 19.498 0.826 0.082 0.034 0.036 0.091 24.681 21.858 20.361 19.916 19.376 2.655 0.219 0.075 0.082 0.170 0 0 0 0 0
189.07608 29.01225 6 23.956 22.728 22.395 22.298 22.817 0.844 0.200 0.168 0.254 0.777 22.471 24.022 22.271 22.947 20.858 0.766 1.517 0.451 1.305 0.690 0 0 0 0 0
189.07539 28.96811 6 23.975 22.552 21.205 20.708 20.362 0.825 0.161 0.057 0.060 0.156 25.640 23.506 21.313 20.829 20.252 1.290 0.678 0.133 0.133 0.271 0 0 0 0 0
189.08304 29.00310 3 23.876 22.223 21.127 20.710 20.820 0.878 0.144 0.064 0.073 0.277 22.053 21.919 20.974 21.376 20.105 0.683 0.322 0.138 0.426 0.456 0 0 0 0 0
189.08258 28.96776 3 22.713 21.674 21.072 21.063 20.649 0.563 0.126 0.089 0.146 0.346 22.004 23.856 21.144 20.885 19.858 0.805 2.158 0.162 0.336 0.450 0 0 0 0 0
189.08284 28.97879 6 24.354 22.963 22.623 21.820 21.396 0.879 0.219 0.181 0.148 0.352 25.567 23.427 23.152 22.389 21.274 1.013 0.484 0.538 0.581 0.584 0 0 0 0 0
189.08446 28.99810 3 23.620 22.021 21.200 21.033 20.894 0.942 0.144 0.086 0.119 0.361 24.106 22.150 21.395 21.599 21.423 2.569 0.317 0.210 0.442 1.110 0 0 0 0 0
189.08583 29.04052 3 26.711 22.146 20.724 19.760 19.114 0.573 0.232 0.079 0.056 0.106 26.916 23.055 20.874 20.032 19.741 0.891 0.899 0.163 0.125 0.328 1 0 0 0 0
189.08443 29.03922 3 25.046 23.589 22.248 21.060 20.437 0.961 0.422 0.154 0.089 0.179 23.054 23.522 22.469 21.035 20.270 1.663 0.720 0.439 0.235 0.295 0 1 0 0 0
189.08322 28.95886 3 22.769 22.491 21.547 21.149 20.715 0.494 0.214 0.111 0.132 0.300 21.594 24.894 21.601 20.938 22.587 0.449 2.984 0.245 0.285 2.742 0 0 0 0 0
189.08258 28.93175 3 25.145 22.912 21.497 20.535 20.124 0.914 0.217 0.074 0.052 0.127 25.179 23.986 21.368 20.460 19.714 2.053 1.207 0.168 0.117 0.233 0 0 0 0 0
189.08365 28.95290 6 24.114 22.601 22.890 23.091 22.222 0.879 0.165 0.239 0.448 0.627 22.554 22.717 22.095 21.806 22.814 0.822 0.512 0.384 0.485 2.166 0 0 0 0 0
189.08369 28.92830 6 23.201 22.770 22.438 22.431 21.641 0.563 0.204 0.179 0.290 0.475 26.045 24.998 22.246 25.776 22.705 1.866 3.025 0.440 1.688 2.789 0 0 0 0 0
189.08736 28.95948 3 22.582 21.844 21.293 20.858 20.912 0.358 0.102 0.074 0.082 0.296 22.311 21.764 21.092 20.685 21.728 1.061 0.345 0.154 0.280 2.235 0 0 0 0 0
189.09157 28.99892 6 22.451 22.346 21.637 21.222 20.801 0.291 0.150 0.092 0.106 0.253 22.854 22.440 21.760 22.428 20.707 0.846 0.323 0.233 1.149 0.513 0 0 0 0 0
189.09436 29.05226 3 25.941 22.217 21.734 21.639 22.175 0.662 0.148 0.119 0.176 0.780 26.201 22.728 21.966 24.329 22.156 1.127 0.524 0.313 2.743 1.672 0 0 0 0 0
189.09018 28.94289 3 22.084 20.500 19.498 19.174 18.868 0.371 0.049 0.026 0.031 0.079 21.594 20.453 19.558 19.233 18.866 0.631 0.115 0.062 0.085 0.201 0 0 0 0 0
189.09036 28.94559 3 24.058 22.635 21.854 21.686 21.773 0.921 0.177 0.106 0.149 0.513 23.851 22.287 22.091 21.328 21.278 1.485 0.231 0.268 0.210 0.676 0 0 0 0 0
189.09502 29.01998 3 22.795 21.720 20.845 20.616 20.470 0.565 0.122 0.070 0.094 0.278 29.030 22.959 20.838 21.306 19.994 0.169 1.138 0.131 0.719 0.435 0 0 0 0 0
189.09309 28.96750 3 23.309 22.528 22.784 21.864 21.632 0.614 0.178 0.255 0.193 0.504 25.188 23.254 22.852 22.422 20.674 3.003 0.683 0.521 0.686 0.625 0 0 0 0 0
189.09464 28.98977 3 22.698 21.428 19.918 19.566 19.208 0.463 0.088 0.029 0.034 0.083 21.957 22.039 19.823 19.445 18.900 1.139 0.601 0.086 0.139 0.255 0 0 0 0 0
189.09753 29.05082 3 23.120 22.105 21.370 20.930 20.818 0.531 0.124 0.076 0.087 0.262 21.834 22.274 21.579 21.533 20.882 0.327 0.256 0.180 0.499 0.520 0 0 0 0 0
189.09399 28.94697 3 24.691 22.562 21.386 21.110 20.891 1.181 0.191 0.082 0.104 0.295 24.150 22.750 21.508 21.142 21.058 2.009 0.419 0.174 0.216 0.633 0 0 0 0 0
189.09883 29.01110 3 22.336 21.678 21.260 20.868 20.212 0.334 0.106 0.089 0.108 0.199 21.962 22.550 21.227 21.143 20.241 0.576 0.613 0.179 0.366 0.467 0 1 0 0 0
189.09940 29.01517 3 22.521 21.167 20.422 20.089 19.996 0.428 0.075 0.048 0.061 0.181 21.387 21.525 20.490 20.458 19.374 0.396 0.241 0.089 0.213 0.262 0 0 0 0 0
189.09712 28.96240 3 24.412 22.607 21.281 20.866 20.243 0.957 0.167 0.061 0.069 0.140 24.279 21.931 21.363 20.684 20.101 1.883 0.233 0.127 0.119 0.229 0 0 0 0 0
189.09827 28.96930 3 22.787 22.042 21.278 21.100 21.124 0.374 0.108 0.064 0.090 0.315 24.160 21.902 21.698 21.031 20.392 2.081 0.189 0.291 0.185 0.357 0 0 0 0 0
189.09915 28.98922 3 23.469 22.855 22.159 21.909 21.272 0.583 0.206 0.126 0.169 0.328 26.188 23.748 22.331 22.034 21.015 2.228 0.897 0.313 0.551 0.512 0 0 0 0 0
189.09927 28.99639 6 23.665 22.782 22.468 22.335 21.375 0.619 0.184 0.152 0.226 0.338 23.792 22.771 22.967 22.599 21.466 0.897 0.237 0.327 0.386 0.450 0 0 0 0 0
189.10152 28.98855 3 22.258 21.581 20.948 20.738 20.287 0.281 0.086 0.059 0.081 0.185 22.969 21.966 21.017 20.938 20.015 1.193 0.260 0.148 0.223 0.329 0 0 0 0 0
189.10022 28.94103 3 23.282 22.000 21.205 20.819 20.349 0.762 0.136 0.084 0.104 0.217 23.444 22.209 21.256 21.014 19.931 1.730 0.330 0.181 0.303 0.320 1 0 0 1 0
189.10255 28.94574 6 24.089 22.645 21.389 21.050 20.857 0.891 0.175 0.068 0.082 0.242 25.005 23.281 21.546 21.223 21.562 1.721 0.601 0.151 0.203 0.793 0 0 1 0 0
189.10583 28.95107 3 23.487 22.357 20.812 20.283 20.246 0.791 0.169 0.053 0.054 0.179 22.720 22.692 20.963 20.306 20.124 0.902 0.481 0.136 0.117 0.340 0 0 0 0 0
189.10858 29.01125 3 24.614 22.199 20.976 20.573 20.076 1.158 0.143 0.058 0.067 0.149 24.273 22.388 20.897 20.908 20.054 2.767 0.381 0.134 0.218 0.409 0 0 0 0 0
189.10779 28.98275 6 22.605 22.064 21.126 20.718 20.628 0.301 0.106 0.054 0.062 0.200 22.064 22.597 21.205 20.806 20.183 0.335 0.292 0.108 0.124 0.250 0 0 0 0 0
189.10820 28.98125 3 22.456 22.325 21.948 21.529 21.041 0.333 0.164 0.137 0.158 0.354 23.938 22.472 22.272 22.008 24.395 1.563 0.336 0.311 0.425 1.806 1 0 0 0 1
189.10873 28.96544 3 24.184 21.113 19.863 19.395 19.182 1.281 0.064 0.027 0.029 0.094 22.904 21.018 19.878 19.489 18.989 1.393 0.164 0.115 0.122 0.249 0 0 0 0 1
189.11310 29.01959 6 23.344 22.913 22.315 22.006 22.228 0.517 0.213 0.140 0.180 0.613 23.065 23.170 22.680 22.502 22.806 0.662 0.381 0.323 0.456 1.080 1 0 0 0 0
189.11285 29.00175 3 24.769 21.362 20.132 19.613 19.496 1.205 0.074 0.031 0.032 0.096 22.284 21.615 20.191 19.713 19.574 0.783 0.213 0.071 0.081 0.256 0 0 0 0 0
189.11469 28.96984 6 24.145 22.881 22.416 22.144 22.347 0.843 0.201 0.150 0.200 0.632 25.619 23.167 22.627 22.062 23.033 0.919 0.354 0.294 0.285 0.989 0 0 0 0 0
189.11946 29.03853 6 23.710 22.917 22.800 22.116 21.036 0.650 0.209 0.204 0.192 0.257 22.261 23.191 23.594 24.827 20.453 0.636 0.779 1.385 2.358 0.483 1 0 0 0 0
189.11827 28.95412 3 24.170 22.500 20.841 20.159 19.795 1.030 0.171 0.048 0.043 0.107 22.351 23.061 20.807 20.287 19.857 0.708 0.680 0.111 0.109 0.251 0 0 0 0 0
189.12469 28.98811 3 23.158 22.514 21.196 20.728 20.464 0.538 0.177 0.065 0.072 0.196 23.205 22.610 21.368 20.728 21.172 1.037 0.338 0.144 0.138 0.667 0 0 0 0 1
189.12468 28.98631 3 22.869 22.415 21.562 21.010 20.742 0.397 0.150 0.081 0.084 0.229 22.561 22.430 21.578 20.905 20.551 0.660 0.363 0.192 0.177 0.461 0 0 0 0 0
189.12532 28.96374 3 21.752 20.730 19.656 19.184 18.889 0.256 0.055 0.029 0.030 0.075 22.413 20.699 19.625 19.154 18.890 1.117 0.127 0.062 0.066 0.178 0 0 0 0 0
189.12634 28.99937 3 22.944 22.484 21.883 21.394 21.577 0.519 0.196 0.136 0.148 0.566 23.715 22.450 22.081 21.289 20.838 1.482 0.342 0.282 0.221 0.561 0 0 0 1 0
189.12720 29.00292 6 22.844 22.563 22.436 22.086 21.767 0.354 0.158 0.157 0.198 0.474 22.788 22.730 22.846 22.650 21.993 0.557 0.241 0.363 0.585 0.768 0 0 0 0 0
189.12932 28.95475 3 23.197 22.062 21.247 20.728 20.541 0.689 0.141 0.085 0.089 0.253 23.644 21.931 21.267 21.165 20.408 1.876 0.245 0.171 0.280 0.437 1 0 0 0 0
189.13116 28.97937 3 22.946 22.511 21.414 21.101 20.884 0.743 0.283 0.131 0.167 0.459 21.844 25.076 21.325 21.010 21.018 0.564 3.043 0.246 0.304 1.027 1 0 0 0 0
189.13156 28.98189 3 24.166 22.019 21.060 20.720 20.492 1.470 0.163 0.084 0.104 0.289 23.321 22.265 21.146 20.725 21.866 2.028 0.571 0.210 0.242 2.146 0 0 0 0 0
189.13429 28.98286 3 24.048 22.515 22.092 21.697 21.728 0.828 0.154 0.121 0.145 0.475 23.526 22.298 22.161 21.660 22.038 1.160 0.255 0.255 0.269 1.079 0 0 0 0 0
189.13411 28.97589 3 22.275 22.238 21.032 20.449 20.174 0.280 0.146 0.061 0.061 0.162 22.401 22.506 21.008 20.497 20.320 0.648 0.416 0.129 0.133 0.517 0 0 0 0 0
189.13887 28.99838 6 22.991 21.600 21.145 20.894 20.937 0.381 0.066 0.049 0.066 0.236 22.833 21.464 21.124 20.806 21.458 0.695 0.152 0.107 0.128 0.772 0 0 0 0 0
189.03372 29.02337 3 23.454 22.888 21.888 21.692 21.344 0.694 0.243 0.119 0.159 0.405 22.278 23.376 22.109 21.527 21.400 0.456 0.637 0.274 0.269 0.760 0 0 0 0 0
189.03264 28.97142 3 22.816 23.019 22.461 21.815 20.904 0.410 0.265 0.191 0.173 0.274 23.759 22.617 23.112 21.880 21.159 1.647 0.394 0.766 0.369 0.634 0 0 0 0 0
189.03687 28.97662 3 23.488 23.374 22.655 21.516 21.070 0.922 0.481 0.307 0.181 0.424 21.751 26.726 24.894 21.344 20.263 0.641 1.625 3.816 0.321 0.650 1 0 0 0 0
189.03784 28.97679 3 23.138 25.017 21.894 22.315 22.332 0.807 1.403 0.180 0.423 1.141 23.550 26.474 22.110 22.181 21.507 1.849 1.241 0.390 0.685 1.181 1 0 0 0 0
189.03770 28.99041 6 24.515 25.194 22.632 21.079 20.241 0.940 0.791 0.185 0.076 0.134 24.934 25.163 23.077 21.115 20.062 1.647 15.805 0.706 0.158 0.269 0 0 0 0 0
189.03674 28.94728 6 23.290 24.339 22.674 22.696 22.165 0.524 0.626 0.194 0.306 0.585 22.706 25.123 22.910 22.540 21.661 0.579 1.209 0.387 0.500 0.668 0 0 0 0 0
189.04231 28.93453 6 23.453 24.289 22.634 22.969 22.896 0.634 0.638 0.201 0.415 0.736 22.519 23.863 22.601 23.364 21.869 0.843 0.919 0.552 1.219 1.174 1 0 0 0 0
189.04720 28.99490 6 25.073 23.218 21.798 21.531 21.241 0.866 0.283 0.094 0.118 0.322 24.782 24.082 21.906 21.740 20.819 1.871 0.990 0.195 0.275 0.401 0 0 0 0 0
189.04858 28.97943 6 23.378 23.383 22.769 22.362 22.569 0.521 0.304 0.199 0.223 0.658 23.592 23.110 23.118 22.303 22.643 0.938 0.360 0.428 0.344 0.977 0 0 0 0 0
189.04832 28.95605 6 24.824 23.059 21.442 20.305 19.975 1.041 0.268 0.076 0.045 0.120 27.471 22.343 21.141 20.206 19.973 0.535 0.494 0.174 0.184 0.429 1 1 0 0 0
189.04883 28.95684 3 23.664 22.955 21.144 20.598 19.814 1.051 0.341 0.085 0.085 0.146 22.787 23.152 21.237 20.696 20.055 1.007 0.796 0.194 0.226 0.383 0 0 0 0 0
189.04929 28.97603 3 25.450 23.394 22.505 22.495 22.011 0.781 0.349 0.186 0.295 0.601 26.296 23.004 22.174 22.139 21.206 1.173 0.661 0.413 0.655 0.928 0 0 0 0 0
189.04860 28.95130 3 22.994 23.706 22.222 22.390 21.779 0.501 0.493 0.163 0.301 0.577 22.468 23.984 22.564 22.220 21.322 0.762 1.476 0.586 0.703 1.020 0 0 0 0 0
189.05174 28.98986 3 25.504 23.402 21.862 21.770 21.908 0.815 0.388 0.118 0.176 0.626 21.586 24.690 22.204 22.282 21.038 0.279 2.231 0.395 0.618 0.636 0 0 0 0 0
189.05232 28.96005 3 24.865 23.760 21.460 21.104 20.582 1.344 0.616 0.103 0.121 0.265 22.656 23.102 21.558 21.527 20.741 0.901 0.732 0.236 0.380 0.655 0 0 0 0 0
189.05737 29.00508 6 23.519 23.695 21.556 20.570 19.742 0.669 0.461 0.084 0.057 0.098 23.917 24.608 21.698 20.714 19.994 1.461 1.325 0.171 0.116 0.202 0 0 0 0 0
189.05917 29.04462 6 24.222 22.994 22.516 22.324 21.661 0.854 0.223 0.162 0.219 0.416 23.293 23.988 22.726 22.661 21.270 0.915 1.062 0.407 0.617 0.598 0 0 0 0 0
189.06050 29.01170 3 22.857 23.673 22.060 21.449 20.449 0.443 0.493 0.141 0.134 0.198 23.265 23.971 22.271 21.737 20.721 1.380 1.320 0.398 0.509 0.536 0 0 0 0 0
189.06372 29.03378 3 23.363 22.868 21.867 21.616 21.357 0.639 0.244 0.120 0.156 0.420 22.437 23.658 22.030 22.256 21.853 0.568 0.876 0.276 0.580 1.315 1 0 0 0 0
189.06001 28.93629 3 24.678 22.662 21.955 21.888 20.918 1.459 0.246 0.159 0.244 0.357 25.792 22.305 22.215 23.536 21.060 2.266 0.456 0.428 2.557 1.062 0 0 0 0 0
189.06149 28.96288 3 24.753 23.121 21.771 21.404 21.176 0.973 0.264 0.095 0.110 0.315 23.112 23.052 21.922 21.631 20.698 0.850 0.437 0.208 0.272 0.409 0 0 0 0 0
189.06595 29.04750 3 25.363 25.611 22.481 22.941 21.683 0.883 0.843 0.195 0.463 0.512 27.098 24.687 22.938 22.584 20.692 0.580 2.182 0.814 0.967 0.596 0 0 0 1 0
189.06432 28.97432 3 24.250 24.083 22.657 22.723 22.550 0.959 0.588 0.212 0.358 0.750 25.526 25.090 25.364 25.259 23.137 2.094 2.350 2.054 1.892 2.081 0 0 0 0 0
189.06902 29.03873 6 24.319 23.325 22.735 21.423 20.984 0.899 0.306 0.206 0.132 0.256 26.654 23.870 23.386 21.144 21.141 0.862 1.359 1.181 0.266 0.880 1 0 0 1 0
189.06879 29.01560 6 25.643 23.418 22.535 21.395 20.552 0.583 0.315 0.163 0.099 0.169 24.375 23.520 23.267 21.792 20.694 1.109 0.394 0.421 0.182 0.238 0 0 0 0 0
189.06969 29.03245 3 23.441 22.962 21.806 21.594 21.369 0.746 0.296 0.126 0.171 0.469 22.872 23.222 22.118 21.826 20.480 0.885 0.659 0.299 0.375 0.428 0 0 0 0 0
189.06915 29.00202 6 24.646 23.491 22.273 22.097 21.747 0.912 0.345 0.136 0.190 0.458 23.738 23.642 22.739 24.450 21.033 1.200 0.666 0.437 1.671 0.522 0 0 0 0 0
189.06824 28.97128 3 22.767 23.622 21.510 20.897 21.316 0.552 0.647 0.122 0.116 0.572 21.837 25.334 21.768 21.355 22.186 0.573 7.848 0.299 0.353 1.740 0 0 0 0 1
189.07080 28.97383 6 24.804 23.205 22.379 22.097 22.327 0.933 0.284 0.157 0.199 0.662 23.509 23.164 22.825 22.379 22.116 0.828 0.347 0.338 0.364 0.812 0 1 0 0 0
189.06839 28.97473 6 24.618 23.450 22.586 22.391 21.582 0.895 0.324 0.171 0.233 0.395 24.579 25.123 23.235 22.760 21.680 1.520 2.628 0.741 0.613 0.723 0 0 0 0 0
189.06822 28.95058 3 21.050 20.735 19.934 19.122 18.744 0.510 0.205 0.127 0.101 0.247 20.617 21.888 20.805 20.358 19.431 0.348 0.593 0.189 0.318 0.468 0 0 0 0 0
189.06891 28.96567 3 25.476 23.840 22.416 21.945 21.497 0.733 0.478 0.165 0.178 0.407 22.834 27.712 26.397 22.632 22.271 1.049 0.425 1.020 1.006 1.910 0 0 0 0 0
189.06938 28.95239 6 22.892 23.290 22.577 22.137 21.396 0.399 0.308 0.194 0.212 0.382 21.710 22.165 23.309 21.527 20.406 0.387 0.311 1.110 0.377 0.461 0 0 0 0 0
189.07220 28.98111 3 24.331 22.858 21.923 21.306 21.144 1.471 0.329 0.173 0.165 0.483 21.683 24.707 22.112 22.237 20.769 0.378 2.196 0.391 0.714 0.639 0 0 0 0 0
189.07785 29.03379 6 23.322 24.755 22.125 25.865 22.374 0.508 0.731 0.115 0.335 0.619 23.441 26.567 22.460 27.626 21.217 1.713 1.156 0.534 0.254 0.938 1 0 0 0 0
189.07536 28.95690 3 24.502 22.371 21.339 20.841 20.750 1.918 0.264 0.127 0.134 0.432 22.340 22.647 21.505 21.956 23.436 1.090 0.770 0.225 0.892 2.995 0 0 0 0 0
189.08247 29.05011 6 24.303 23.883 22.450 21.107 20.702 0.891 0.465 0.157 0.080 0.197 24.343 24.255 23.117 21.241 20.968 1.121 0.723 0.387 0.124 0.323 0 0 0 0 0
189.07956 28.94873 6 23.404 23.554 22.343 21.971 21.640 0.560 0.350 0.141 0.166 0.418 23.942 23.642 22.378 22.754 22.055 1.509 0.705 0.312 0.783 1.061 0 0 0 0 0
189.08070 28.94033 3 24.137 22.852 21.004 20.443 20.102 1.098 0.244 0.059 0.058 0.149 22.414 22.993 20.957 20.538 20.249 0.900 0.655 0.136 0.156 0.401 0 0 0 0 0
189.08174 28.96097 3 24.355 24.535 22.440 22.604 21.285 1.101 0.828 0.193 0.362 0.396 25.248 23.649 23.112 23.322 21.980 1.493 0.761 0.681 1.060 1.095 0 0 0 0 0
189.08443 29.01213 3 25.213 23.310 22.320 22.189 22.248 0.883 0.331 0.184 0.247 0.685 25.655 23.542 22.730 21.989 24.488 1.867 0.726 0.481 0.415 2.498 0 0 1 1 0
189.08420 29.00734 6 25.613 24.380 22.451 22.332 22.484 0.612 0.675 0.167 0.248 0.700 24.608 24.473 22.721 21.994 22.325 1.397 0.959 0.328 0.279 0.951 0 0 1 0 0
189.08513 29.03268 3 25.514 24.925 22.394 21.783 21.060 0.804 0.967 0.188 0.184 0.330 24.682 26.609 22.120 24.285 22.723 3.702 1.450 0.394 3.340 2.801 0 0 0 0 0
189.08539 29.00898 3 24.162 26.421 22.206 21.281 20.790 1.102 0.587 0.176 0.129 0.288 24.145 26.537 22.730 21.265 20.854 1.477 1.041 0.383 0.437 0.430 0 0 0 0 0
189.08408 28.95452 6 24.136 24.693 22.610 23.324 22.593 0.874 0.738 0.184 0.517 0.694 24.195 25.079 23.043 23.611 22.770 1.297 0.992 0.378 1.136 0.914 0 0 0 0 0
189.08884 28.96843 3 25.077 23.177 21.552 20.686 20.249 1.076 0.334 0.095 0.073 0.173 26.700 24.858 21.478 20.784 19.602 0.971 2.957 0.254 0.227 0.275 0 0 0 0 0
189.09920 29.00335 3 23.216 23.756 21.998 21.147 20.679 0.478 0.439 0.111 0.088 0.203 22.787 24.173 22.290 21.139 20.635 0.649 1.063 0.326 0.160 0.344 0 0 0 0 0
189.10062 29.02803 3 23.717 23.634 22.491 21.867 20.979 0.722 0.435 0.187 0.182 0.283 22.973 24.527 23.341 22.120 20.237 0.998 2.341 1.285 0.553 0.436 0 0 0 1 0
189.10126 28.97990 3 24.616 24.192 22.249 21.972 20.595 0.981 0.610 0.143 0.187 0.196 23.813 23.468 22.531 22.411 20.227 1.502 0.625 0.365 0.539 0.290 0 0 0 0 0
189.10280 28.98568 6 24.485 23.995 22.576 22.677 21.246 0.919 0.516 0.182 0.328 0.326 24.392 23.056 23.427 22.678 21.446 1.699 0.393 0.707 0.560 0.624 0 0 0 0 0
189.10376 28.97790 3 26.969 24.504 22.092 22.625 21.514 0.325 1.090 0.190 0.504 0.631 25.128 27.300 22.437 25.686 21.715 2.570 0.616 0.523 1.400 1.382 0 0 0 0 0
189.10510 28.99366 6 24.023 24.116 22.598 23.589 21.188 0.826 0.570 0.188 0.646 0.315 24.594 23.378 22.637 23.686 21.316 1.738 0.554 0.377 1.183 0.560 0 0 0 0 0
189.10535 28.99170 6 23.081 23.527 22.764 23.148 21.579 0.407 0.341 0.196 0.436 0.395 22.659 22.876 25.661 22.844 20.332 0.902 0.591 1.755 1.201 0.433 0 0 1 0 0
189.10480 28.96830 6 24.624 23.042 22.038 21.484 21.209 0.959 0.241 0.114 0.117 0.316 24.729 23.182 22.199 21.839 21.479 1.774 0.490 0.266 0.330 0.752 0 0 0 0 0
189.10931 28.97832 6 23.852 23.403 22.599 22.560 22.421 0.730 0.314 0.176 0.284 0.650 24.454 24.343 25.014 21.903 22.532 2.806 1.862 2.290 0.530 2.093 0 0 0 0 1
189.11108 28.96326 3 25.255 24.131 21.918 21.625 21.433 0.964 0.663 0.125 0.159 0.451 24.535 22.692 22.136 21.582 21.803 2.240 0.464 0.409 0.320 1.203 0 0 0 0 0
189.11195 28.98751 6 24.858 24.007 22.893 21.392 21.066 0.844 0.491 0.219 0.101 0.263 25.664 23.762 26.902 22.368 23.683 1.915 1.251 0.660 0.802 1.635 0 0 0 0 0
189.11386 29.01521 3 24.203 23.760 21.876 21.173 21.017 0.795 0.413 0.091 0.083 0.251 24.594 25.195 21.680 21.014 21.201 2.809 2.874 0.256 0.229 0.877 1 1 0 0 0
189.11473 29.01575 3 26.573 24.121 22.282 20.862 20.333 0.454 0.883 0.226 0.109 0.233 25.815 23.558 22.466 21.236 20.505 2.231 1.404 0.583 0.381 0.691 1 0 1 0 1
189.11340 28.98498 6 25.379 25.467 22.498 21.278 20.745 0.729 0.757 0.167 0.097 0.213 22.982 23.704 22.811 21.527 21.138 0.764 0.696 0.404 0.207 0.524 0 0 0 0 0
189.11755 29.03045 6 24.146 23.273 22.660 22.673 22.756 0.811 0.283 0.183 0.311 0.684 24.645 23.417 23.029 24.346 22.837 1.483 0.504 0.449 1.342 1.143 0 0 0 0 0
189.12012 29.01958 3 22.730 23.409 21.942 22.535 21.369 0.361 0.374 0.119 0.334 0.407 21.846 22.794 21.933 22.187 21.031 0.509 0.561 0.301 0.728 0.736 0 0 0 0 0
189.11884 28.97707 3 22.934 23.452 21.615 21.156 21.834 0.547 0.482 0.118 0.131 0.729 22.237 24.270 21.884 21.963 21.913 0.659 1.767 0.294 0.667 1.471 0 0 0 0 0
189.12242 28.94892 6 24.904 23.892 22.796 22.398 21.566 0.909 0.450 0.204 0.242 0.394 24.426 24.281 23.168 22.547 21.913 1.408 0.897 0.498 0.514 0.797 0 0 0 0 0
189.12276 28.95487 6 23.679 23.788 22.723 22.530 22.557 0.688 0.423 0.196 0.277 0.673 24.195 23.480 25.191 26.150 21.166 2.629 0.996 2.190 0.955 0.898 0 0 0 0 0
189.12492 28.99252 3 24.651 22.968 22.190 22.012 22.127 1.016 0.243 0.141 0.204 0.649 23.458 22.782 22.601 21.434 22.427 1.058 0.326 0.369 0.218 1.232 0 0 0 0 0
189.12970 29.01482 3 23.227 24.377 22.397 21.809 21.294 0.497 0.673 0.159 0.164 0.344 23.928 25.117 22.474 21.830 21.139 1.652 1.689 0.395 0.365 0.624 1 0 0 0 0
189.12991 29.00856 3 24.083 24.071 22.262 21.884 20.733 1.008 0.675 0.172 0.209 0.262 22.759 26.478 22.723 22.168 23.011 0.984 1.236 0.673 0.672 2.140 0 0 0 0 0
189.13248 29.01549 6 23.846 23.788 22.235 20.846 19.955 0.696 0.417 0.124 0.064 0.101 23.529 23.107 22.411 21.092 20.072 1.001 0.427 0.276 0.138 0.188 1 0 0 0 0
189.03357 28.99309 3 23.505 23.033 22.468 21.736 21.220 0.797 0.313 0.222 0.189 0.414 26.238 23.577 22.221 22.870 20.832 1.232 1.079 0.431 1.226 0.674 0 0 0 0 0
189.05772 28.95663 3 23.567 23.395 22.619 21.738 22.106 0.777 0.386 0.230 0.173 0.704 22.307 23.425 22.325 21.944 20.844 0.708 0.681 0.481 0.389 0.635 1 0 0 0 0
189.07062 29.05296 3 22.127 23.203 22.709 21.326 22.494 0.386 0.545 0.419 0.202 1.388 23.305 22.009 21.837 21.864 20.133 2.000 0.349 0.393 0.512 0.467 0 0 0 0 0
189.07437 29.01261 3 23.429 23.136 22.956 21.905 22.834 0.603 0.290 0.280 0.186 0.796 22.989 23.089 23.057 22.679 23.305 0.483 0.287 0.351 0.406 0.763 0 0 0 0 0
189.08997 28.99626 3 22.967 23.048 22.908 21.808 22.052 0.462 0.281 0.282 0.182 0.666 22.516 24.615 22.731 21.995 23.016 0.610 1.635 0.536 0.524 1.622 0 0 0 0 0
189.08929 28.96123 3 22.752 23.159 22.566 21.668 21.158 0.422 0.326 0.229 0.174 0.373 22.190 23.203 22.352 22.060 20.772 0.517 0.710 0.435 0.541 0.613 0 0 0 0 0
189.09309 29.03447 3 21.846 21.507 22.662 19.868 23.662 0.736 0.296 1.057 0.141 2.828 22.178 22.012 24.820 20.624 25.377 0.768 0.351 3.034 0.215 0.532 0 0 0 0 0
189.09630 29.00565 3 23.274 23.148 22.940 22.013 21.823 0.512 0.274 0.257 0.194 0.516 24.721 23.913 26.325 26.330 24.476 2.841 1.404 1.083 0.819 0.906 0 0 0 0 0
189.13023 29.02481 6 25.198 24.243 22.785 21.441 20.549 0.800 0.608 0.214 0.114 0.180 24.210 23.936 22.896 21.808 20.440 1.405 0.755 0.414 0.257 0.271 0 0 0 0 0
189.03108 28.96496 3 22.024 22.082 22.527 22.728 23.682 0.402 0.231 0.424 0.815 1.265 21.863 22.053 24.770 22.213 24.792 0.573 0.363 3.024 0.905 0.893 0 0 0 0 0
189.03940 28.96850 3 22.825 24.248 22.552 22.628 21.618 0.436 0.741 0.231 0.386 0.528 21.762 27.000 26.230 22.458 20.699 0.405 0.801 1.168 0.866 0.599 0 0 0 0 0
189.06972 29.00454 3 23.313 23.365 22.406 22.615 22.519 0.593 0.366 0.192 0.367 0.811 22.550 24.306 22.750 24.019 25.448 0.626 1.553 0.520 2.222 1.118 0 0 0 0 0
189.11897 29.00151 3 22.895 23.330 22.248 21.965 21.713 0.540 0.446 0.208 0.275 0.683 22.937 23.378 22.809 22.217 21.863 0.724 0.577 1.105 0.532 0.966 0 0 0 0 0
189.13199 29.00629 3 26.015 23.012 22.157 22.121 22.074 0.705 0.348 0.200 0.324 0.884 24.712 24.420 22.268 22.734 28.540 3.680 2.514 0.449 1.419 0.028 0 0 0 0 0
189.13596 28.99928 3 23.680 23.455 21.939 22.319 22.893 1.153 0.574 0.201 0.454 1.253 25.218 26.553 22.023 25.322 21.829 2.479 1.165 0.360 1.815 1.494 0 0 0 0 0
189.09238 28.94941 3 23.699 23.577 22.583 21.683 21.036 1.170 0.624 0.327 0.249 0.461 23.336 24.737 21.983 21.313 21.242 2.042 2.870 0.449 0.402 1.238 0 0 0 0 0
189.12454 28.97928 3 23.364 22.529 22.449 20.831 20.164 1.549 0.421 0.505 0.198 0.362 22.634 21.778 24.615 20.940 19.688 1.415 0.349 3.688 0.221 0.386 1 0 0 0 0
189.13583 28.96545 3 26.294 25.961 22.791 21.646 21.300 0.650 0.993 0.379 0.234 0.561 25.828 24.682 25.549 21.717 21.546 1.705 2.176 1.871 0.448 1.219 0 0 0 0 0
189.01990 28.97282 6 23.539 20.350 18.896 18.037 17.567 0.723 0.026 0.011 0.009 0.017 23.543 20.418 18.950 18.099 17.610 1.235 0.044 0.016 0.012 0.025 0 0 0 0 0
189.02956 29.03707 6 21.891 19.299 18.085 17.592 17.324 0.180 0.012 0.007 0.007 0.014 21.741 19.345 18.120 17.602 17.317 0.250 0.016 0.008 0.008 0.019 1 0 0 0 0
189.00949 28.99034 3 22.860 20.557 19.173 18.643 18.360 0.617 0.042 0.017 0.016 0.040 22.442 20.717 19.224 18.751 18.341 0.925 0.103 0.035 0.038 0.087 0 0 0 0 0
189.01590 28.98595 3 21.278 19.799 18.668 18.140 17.838 0.180 0.026 0.014 0.013 0.030 20.997 19.822 18.675 18.146 17.859 0.309 0.056 0.026 0.026 0.070 0 0 0 1 0
189.02684 29.01370 3 22.408 20.346 18.976 18.484 18.050 0.487 0.040 0.016 0.017 0.036 23.464 20.511 19.073 18.688 18.054 2.417 0.093 0.036 0.039 0.079 0 0 0 0 0
189.02773 28.98811 6 25.148 20.981 19.647 18.192 17.419 0.927 0.041 0.017 0.009 0.014 24.192 21.167 19.660 18.240 17.465 1.757 0.084 0.029 0.014 0.024 0 0 0 0 0
189.02809 28.94994 3 21.195 20.117 19.189 18.804 18.548 0.155 0.031 0.019 0.021 0.051 21.286 20.191 19.216 18.807 18.520 0.345 0.067 0.028 0.041 0.109 0 0 0 0 0
189.01195 28.97651 6 21.465 21.144 21.325 21.104 20.970 0.129 0.046 0.061 0.074 0.239 21.601 21.248 21.460 21.114 22.824 0.244 0.109 0.131 0.144 2.007 1 1 0 0 0
189.01413 29.00426 6 21.952 21.692 21.465 21.300 20.854 0.196 0.075 0.070 0.091 0.223 22.100 21.731 21.683 21.283 21.456 0.325 0.126 0.155 0.175 0.666 0 0 0 0 0
189.02544 28.99425 3 22.185 22.377 21.789 21.421 22.510 0.233 0.131 0.088 0.096 0.634 22.679 22.910 21.800 22.052 21.313 0.827 0.734 0.291 0.989 0.801 0 0 1 0 0
189.00946 28.99593 3 23.975 22.262 21.596 21.156 21.958 1.281 0.175 0.121 0.127 0.780 22.755 22.177 21.851 21.584 21.177 1.013 0.321 0.317 0.397 0.942 0 0 0 0 0
189.01328 28.98056 3 23.479 22.717 22.455 22.253 22.586 0.686 0.188 0.172 0.218 0.695 22.507 22.687 22.856 22.059 22.788 0.542 0.316 0.480 0.387 1.368 0 0 0 0 0
189.01576 28.96743 3 21.803 20.684 19.970 19.610 19.631 0.220 0.042 0.028 0.031 0.109 21.412 20.713 19.988 19.680 19.408 0.330 0.092 0.057 0.078 0.213 0 0 0 1 0
189.01767 28.96352 3 24.292 22.553 21.550 21.211 20.908 1.127 0.173 0.085 0.096 0.258 24.709 22.617 21.692 21.632 20.383 2.147 0.361 0.215 0.324 0.355 0 0 0 0 0
189.02165 29.00408 3 22.027 22.034 20.405 19.241 18.577 0.434 0.221 0.064 0.037 0.070 22.409 22.713 20.638 19.598 18.993 1.159 0.817 0.102 0.103 0.204 0 0 0 0 0
189.02138 29.00603 6 23.722 21.944 21.515 21.657 21.403 0.851 0.100 0.080 0.137 0.384 22.461 21.989 21.654 21.467 23.052 0.625 0.187 0.181 0.266 1.479 0 0 0 0 1
189.02177 29.01960 3 25.822 22.759 21.612 21.334 20.761 0.693 0.206 0.088 0.105 0.228 25.686 23.345 21.745 22.043 20.885 1.366 0.732 0.201 0.461 0.502 1 0 0 0 0
189.02179 28.99197 3 21.704 20.255 19.882 19.685 19.735 0.261 0.037 0.035 0.044 0.171 21.222 20.280 19.846 19.768 19.626 0.399 0.091 0.086 0.118 0.353 1 0 0 0 0
189.02136 28.99089 3 23.012 22.401 21.964 21.754 21.214 0.517 0.154 0.122 0.153 0.336 22.520 22.553 22.019 21.740 20.882 0.877 0.652 0.518 0.607 0.751 0 1 0 0 0
189.02222 28.99620 3 23.082 22.378 21.824 20.887 20.164 0.557 0.152 0.110 0.075 0.140 22.242 22.489 22.099 20.778 20.016 0.541 0.343 0.303 0.155 0.244 1 0 0 0 0
189.02139 28.95740 3 22.183 22.130 20.904 20.492 20.153 0.335 0.159 0.068 0.073 0.187 22.315 22.494 20.870 20.717 19.978 0.931 0.567 0.127 0.252 0.414 1 1 0 0 0
189.02425 29.02952 3 24.369 22.068 21.851 21.436 22.220 1.536 0.154 0.154 0.168 0.939 22.312 21.887 21.954 23.325 22.160 0.858 0.312 0.338 2.234 2.345 0 0 0 0 0
189.02597 28.96684 3 22.935 21.063 20.042 19.581 19.352 0.683 0.067 0.035 0.036 0.101 24.516 21.351 20.021 19.616 19.731 3.721 0.211 0.061 0.087 0.331 0 0 0 0 0
189.02661 28.96283 6 23.024 22.566 22.707 22.623 23.248 0.497 0.169 0.221 0.311 0.686 22.818 22.831 22.048 22.327 22.518 1.035 0.567 0.368 0.772 2.078 0 0 0 0 0
189.02982 29.03263 3 23.350 21.949 21.412 21.028 20.950 0.765 0.118 0.089 0.099 0.319 22.534 21.906 21.612 20.961 21.078 0.627 0.188 0.190 0.174 0.658 0 0 0 0 0
189.02821 28.97880 6 22.739 21.458 20.868 20.517 20.765 0.376 0.062 0.043 0.048 0.211 22.920 21.450 20.845 20.704 20.335 0.806 0.117 0.097 0.153 0.349 0 0 0 0 0
189.02898 28.98162 3 22.893 21.217 20.176 19.776 19.734 0.524 0.061 0.030 0.032 0.108 22.698 21.289 20.210 19.733 19.655 0.861 0.129 0.064 0.070 0.215 0 0 0 0 1
189.03238 29.04033 3 22.491 22.242 21.240 21.089 20.611 0.486 0.199 0.102 0.145 0.318 24.253 22.609 21.248 21.427 22.612 3.462 0.601 0.178 0.446 2.750 0 0 0 0 0
189.03252 29.02931 3 25.371 22.513 21.405 21.007 21.253 0.848 0.151 0.066 0.070 0.310 25.199 22.124 21.589 21.291 20.809 1.644 0.198 0.156 0.194 0.421 0 0 0 0 0
189.01086 28.98233 3 23.583 24.402 22.151 21.697 21.294 0.754 0.697 0.134 0.136 0.335 23.530 24.973 22.344 21.754 20.951 1.232 3.179 0.299 0.288 0.475 0 0 0 0 0
189.01541 28.99133 6 24.035 24.047 22.542 22.623 22.090 0.938 0.528 0.176 0.282 0.556 24.087 23.496 22.942 22.357 21.955 1.106 0.469 0.381 0.377 0.706 0 0 0 0 0
189.01782 29.00505 3 22.865 22.369 21.350 20.924 21.242 0.570 0.184 0.093 0.099 0.448 24.883 21.835 21.493 20.916 21.100 2.780 0.233 0.226 0.233 0.868 0 0 0 0 0
189.02071 28.99973 3 24.912 23.210 21.901 21.355 22.842 1.239 0.335 0.124 0.120 0.838 23.534 25.070 21.642 21.467 21.309 2.932 3.767 0.254 0.572 1.617 0 0 0 0 0
189.02147 29.00840 3 23.852 23.496 22.227 21.136 20.589 0.898 0.375 0.146 0.086 0.191 23.227 23.946 22.437 21.186 21.446 1.134 1.014 0.369 0.195 0.814 1 0 0 1 0
189.02586 29.03240 3 25.845 24.795 22.439 22.772 21.908 0.748 0.935 0.200 0.405 0.619 26.059 22.747 22.402 25.882 20.905 1.423 0.526 0.506 1.195 0.717 0 0 0 0 0
189.02620 29.00397 3 24.575 23.181 21.338 20.228 19.853 1.492 0.384 0.093 0.055 0.136 25.230 24.832 21.338 20.428 19.835 2.680 2.470 0.196 0.178 0.331 0 0 0 0 0
189.02847 29.03147 3 22.970 23.334 21.903 22.039 21.126 0.541 0.377 0.130 0.228 0.354 22.631 23.775 22.058 22.348 20.677 0.879 1.262 0.371 0.787 0.587 0 0 0 0 0
189.02872 28.98594 3 23.884 23.468 22.293 21.690 23.167 1.025 0.407 0.172 0.156 0.791 23.449 23.962 22.606 21.845 24.466 1.145 1.011 0.393 0.345 1.980 0 0 0 0 0
189.02991 29.01277 3 24.360 23.348 22.262 21.477 20.703 1.150 0.343 0.157 0.122 0.220 23.266 22.528 22.699 21.310 20.401 5.636 0.347 0.450 0.206 0.324 0 0 0 0 0
189.03027 28.97359 6 23.943 23.176 21.758 21.284 20.914 0.931 0.283 0.095 0.096 0.248 22.958 24.413 21.790 21.436 20.464 0.919 2.348 0.235 0.272 0.503 0 0 0 0 0
189.00974 28.98672 3 23.254 22.648 22.200 21.536 22.446 0.892 0.272 0.219 0.190 1.063 23.422 22.560 22.749 22.207 22.716 1.129 0.315 0.454 0.482 1.413 0 0 0 0 0
189.02065 28.96453 3 24.086 22.853 22.746 21.509 20.732 1.059 0.229 0.242 0.127 0.231 22.959 23.701 22.795 21.746 20.424 0.875 0.911 0.565 0.423 0.387 0 0 0 0 0
189.02457 29.02580 3 23.464 24.164 22.947 21.643 21.553 0.696 0.601 0.261 0.130 0.410 24.141 23.953 22.573 21.730 21.195 1.633 0.922 0.375 0.288 0.584 0 0 0 0 0
