# SDSS data for the field of GRB050509B, imaged on Dec 15, 2004.  
# Compiled on May 11, 2005.
#
# 1-2) ra, dec [J2000]
# 3-7) u,g,r,i,z PSF magnitudes
# 8-12) Errors on PSF magnitudes
# 9-13) Summary of flags in u,g,r,i,z (==0 for good, ==1 for bad)
#	This is a summary of the flags in each band, closely following the
#	prescription on http://www.sdss.org/dr3/products/catalogs/flags.html.
#	If the summary flag is 1, one should be cautious about using the
#	photometry in that band.
#
# Full documentation can be found at http://www.sdss.org/dr3
#
189.10603 29.06297 19.457 17.380 16.550 16.215 16.095 0.027 0.025 0.028 0.032 0.031 0 0 0 0 0
189.10484 29.06337 21.095 18.240 17.094 16.577 16.346 0.087 0.043 0.061 0.052 0.063 0 0 0 0 0
189.12862 29.07571 17.286 15.812 15.188 14.958 14.890 0.010 0.018 0.021 0.021 0.017 0 0 0 0 0
189.15726 28.95971 17.644 15.629 14.804 14.533 14.413 0.011 0.018 0.021 0.021 0.017 0 0 0 0 0
189.15028 28.95926 19.061 17.486 16.840 16.590 16.538 0.021 0.019 0.022 0.021 0.019 0 0 0 0 0
189.19603 28.99946 18.473 17.423 17.020 16.919 16.866 0.016 0.019 0.022 0.021 0.019 0 0 0 0 0
189.20364 29.00734 15.931 14.917 14.571 14.510 14.462 0.007 0.018 0.021 0.021 0.017 0 0 0 0 0
189.20059 29.00518 21.337 18.942 17.642 17.160 16.834 0.100 0.020 0.022 0.021 0.019 0 0 0 0 0
189.03920 29.09500 20.374 19.272 18.843 18.642 18.641 0.053 0.021 0.023 0.023 0.035 0 0 0 0 0
189.04826 29.01678 20.802 18.201 16.922 16.281 15.901 0.062 0.019 0.022 0.021 0.018 0 0 0 0 0
189.06064 28.95502 20.151 17.601 16.587 16.252 16.077 0.041 0.019 0.022 0.021 0.018 0 0 0 0 0
189.06743 29.06081 20.696 19.489 19.225 19.092 19.093 0.062 0.022 0.024 0.025 0.049 0 0 0 0 0
189.06798 29.02177 22.255 20.252 19.112 18.458 18.018 0.347 0.028 0.024 0.022 0.026 1 0 0 0 0
189.07303 29.02706 22.945 20.133 19.017 18.551 18.325 0.292 0.027 0.023 0.023 0.030 0 0 0 0 0
189.07439 29.04327 22.312 19.930 18.603 17.351 16.728 0.219 0.026 0.023 0.021 0.019 0 1 0 0 0
189.08311 29.01006 20.973 19.484 18.897 18.635 18.538 0.072 0.022 0.023 0.023 0.034 0 0 0 0 0
189.08676 28.99152 22.149 21.070 19.719 19.055 18.717 0.188 0.091 0.077 0.090 0.085 0 0 0 0 0
189.10637 29.00920 20.187 19.161 18.788 18.603 18.608 0.040 0.021 0.023 0.023 0.035 0 0 0 0 0
189.10371 28.90214 22.567 20.387 18.958 17.788 17.213 0.277 0.029 0.023 0.021 0.020 1 0 0 0 0
189.13693 29.07059 21.175 18.904 17.746 17.273 17.059 0.089 0.020 0.022 0.021 0.020 0 0 0 0 0
189.16039 28.99306 22.080 19.679 18.241 17.078 16.450 0.183 0.023 0.022 0.021 0.018 0 0 0 0 0
189.17178 29.08443 23.598 20.177 18.801 18.191 17.812 0.805 0.027 0.023 0.022 0.024 1 0 0 0 0
189.18639 28.98341 21.090 20.211 19.808 19.678 19.530 0.087 0.027 0.027 0.031 0.069 0 0 0 0 0
189.18779 28.97322 22.173 19.483 18.054 17.162 16.648 0.215 0.022 0.022 0.021 0.019 0 0 0 0 0
189.18869 28.93721 21.992 19.530 18.189 17.630 17.288 0.188 0.022 0.022 0.021 0.021 0 0 0 0 0
189.20396 29.08990 22.125 19.526 18.143 16.830 15.994 0.194 0.022 0.022 0.021 0.018 0 0 0 0 0
189.03323 28.97449 23.752 20.958 19.547 18.736 18.297 0.690 0.041 0.025 0.023 0.030 0 0 0 0 0
189.03159 28.93043 23.023 21.343 19.947 19.170 18.733 0.428 0.051 0.028 0.025 0.039 0 0 0 0 0
189.04060 29.01328 23.373 21.347 19.947 18.353 17.449 0.407 0.055 0.028 0.022 0.021 0 0 0 0 0
189.07188 28.94464 23.649 21.217 19.716 18.280 17.498 0.657 0.045 0.026 0.022 0.022 0 0 0 0 0
189.08284 28.99434 23.996 21.548 20.116 18.850 18.226 1.072 0.063 0.030 0.024 0.029 1 0 0 0 0
189.09488 29.08468 23.960 21.786 20.353 19.230 18.618 0.824 0.076 0.033 0.026 0.035 0 0 0 0 0
189.09373 28.97181 21.773 20.549 20.121 19.927 19.730 0.138 0.032 0.030 0.034 0.083 0 0 0 0 0
189.10733 28.94151 24.146 21.535 20.482 20.057 19.804 0.462 0.062 0.035 0.037 0.088 0 0 0 0 0
189.11879 28.96227 23.199 20.743 19.289 17.706 16.936 0.461 0.036 0.024 0.021 0.019 0 0 0 0 0
189.13687 29.04881 22.243 20.944 20.402 20.185 19.972 0.206 0.041 0.033 0.045 0.099 0 0 0 1 0
189.15045 29.08544 23.370 22.036 20.492 18.938 18.115 0.608 0.092 0.035 0.024 0.027 0 0 0 0 0
189.15329 28.90306 22.776 21.155 19.609 18.259 17.548 0.373 0.046 0.026 0.022 0.022 0 0 0 0 0
189.16519 29.01087 22.486 20.532 19.417 18.979 18.726 0.230 0.032 0.025 0.025 0.038 0 0 0 0 0
189.17232 28.98906 24.249 21.725 20.363 18.949 18.185 0.674 0.072 0.032 0.025 0.028 0 0 0 0 0
189.18497 29.07291 23.116 21.199 19.667 18.729 18.164 0.447 0.047 0.026 0.023 0.027 0 0 0 0 0
189.19876 29.08809 25.040 21.632 20.330 19.268 18.610 0.865 0.065 0.032 0.026 0.035 0 0 0 0 0
189.19667 28.93262 24.894 21.897 20.413 19.205 18.444 0.990 0.082 0.034 0.026 0.032 0 0 0 0 0
189.19852 28.92756 22.818 20.857 19.536 18.396 17.699 0.383 0.038 0.025 0.023 0.023 0 0 0 0 0
188.88312 29.10145 16.264 14.614 14.109 13.977 13.915 0.066 0.021 0.014 0.016 0.033 0 0 0 0 0
188.89809 29.07515 19.366 18.415 18.094 17.960 17.925 0.070 0.022 0.015 0.017 0.038 0 0 0 0 0
188.89621 28.96097 16.688 14.976 14.460 14.254 14.238 0.066 0.021 0.014 0.016 0.033 0 1 0 0 0
188.90482 28.95414 19.345 18.013 17.569 17.385 17.380 0.070 0.022 0.014 0.016 0.035 0 0 0 0 0
188.92015 28.95079 18.741 16.389 15.432 15.052 14.910 0.068 0.021 0.014 0.016 0.034 0 0 0 1 0
188.94092 29.08500 18.313 16.294 15.542 15.219 15.048 0.067 0.021 0.014 0.016 0.034 0 0 0 0 0
188.96059 29.09959 18.948 17.478 16.892 16.696 16.622 0.069 0.022 0.014 0.016 0.034 0 0 0 0 0
188.97182 29.08542 19.493 18.360 18.424 18.572 18.664 0.071 0.022 0.015 0.018 0.046 0 0 0 0 0
188.98502 28.98701 18.650 17.336 16.886 16.729 16.715 0.068 0.021 0.014 0.016 0.034 0 0 0 0 0
188.98564 29.00197 19.521 18.411 17.997 17.854 17.813 0.072 0.022 0.015 0.017 0.037 0 0 0 0 0
189.00902 29.08771 19.587 18.532 18.174 18.047 17.997 0.072 0.022 0.015 0.017 0.038 0 0 0 0 0
188.87167 28.99550 20.620 19.615 19.346 19.216 19.189 0.090 0.025 0.018 0.021 0.058 0 0 0 0 0
188.87364 28.91594 22.466 20.037 18.832 18.265 17.993 0.289 0.028 0.016 0.017 0.038 0 0 0 0 0
188.89766 29.06939 22.253 19.209 17.974 17.547 17.256 0.244 0.024 0.015 0.018 0.035 0 0 0 0 0
188.89502 28.92403 21.401 20.348 20.023 19.887 19.664 0.131 0.033 0.029 0.033 0.085 0 0 0 0 0
188.90578 29.05941 22.881 19.678 18.203 16.900 16.239 0.321 0.025 0.015 0.016 0.034 0 0 0 0 0
188.91867 28.91750 22.811 20.112 18.669 17.338 16.709 0.382 0.028 0.016 0.016 0.034 0 0 0 0 0
188.92664 29.08092 20.509 18.447 17.687 17.394 17.242 0.086 0.022 0.014 0.016 0.035 0 0 0 0 0
188.93311 29.08327 20.912 19.587 19.037 18.823 18.727 0.103 0.025 0.017 0.019 0.047 0 0 0 0 0
188.94632 29.05023 22.575 20.427 18.997 18.038 17.549 0.317 0.033 0.017 0.017 0.036 0 0 0 0 0
188.94345 28.89285 19.676 18.687 18.335 18.254 18.356 0.073 0.022 0.016 0.017 0.041 0 0 1 0 0
188.94608 28.89712 21.635 19.787 18.982 18.670 18.680 0.154 0.026 0.017 0.019 0.046 0 0 0 1 0
188.96042 29.02671 20.730 19.796 19.444 19.281 19.324 0.093 0.026 0.019 0.022 0.062 0 0 0 0 0
188.97586 28.95906 20.744 18.561 17.621 17.288 17.160 0.103 0.022 0.014 0.016 0.035 1 0 0 0 0
188.97382 28.89647 22.734 20.553 19.028 17.635 16.896 0.359 0.034 0.017 0.017 0.034 0 0 0 0 0
188.98058 29.02180 21.607 20.374 19.946 19.741 19.634 0.151 0.032 0.023 0.027 0.079 0 0 0 0 0
188.98303 29.08016 22.092 19.495 18.364 17.928 17.683 0.215 0.024 0.015 0.017 0.037 0 0 0 0 0
188.99611 29.07168 19.904 19.529 19.424 19.524 19.373 0.075 0.025 0.019 0.024 0.067 0 0 0 0 0
188.99055 28.92170 20.796 19.675 19.235 19.100 19.042 0.104 0.025 0.018 0.021 0.055 1 1 0 0 0
189.00664 28.97330 21.921 20.070 19.088 18.709 18.502 0.189 0.028 0.017 0.019 0.043 0 0 0 0 0
189.01990 28.97282 23.468 20.432 19.034 18.188 17.669 0.634 0.032 0.017 0.017 0.037 0 0 0 0 0
189.02956 29.03707 21.822 19.296 18.100 17.608 17.340 0.211 0.024 0.015 0.017 0.035 1 0 0 0 0
188.86319 28.96667 22.729 20.663 19.475 18.748 18.377 0.358 0.036 0.019 0.019 0.042 0 0 0 0 0
188.88568 28.96625 23.452 20.934 19.565 18.237 17.560 0.626 0.044 0.024 0.018 0.036 0 0 0 0 0
188.89160 29.00021 21.424 20.581 20.335 20.254 20.070 0.134 0.035 0.029 0.036 0.107 0 0 0 0 0
188.89278 28.91052 22.907 21.154 19.821 18.435 17.720 0.413 0.048 0.022 0.018 0.037 1 0 0 0 0
188.90056 28.94820 22.788 20.930 19.594 19.032 18.718 0.374 0.042 0.020 0.020 0.047 0 0 0 0 0
188.93437 29.08655 23.172 21.121 19.531 18.014 17.232 0.950 0.047 0.019 0.017 0.035 1 0 0 0 0
188.94035 29.09923 21.587 20.754 20.381 20.196 20.138 0.149 0.037 0.030 0.035 0.115 0 0 0 0 0
188.94510 28.95486 23.059 21.210 20.371 19.982 19.916 0.467 0.051 0.029 0.031 0.096 0 0 0 0 0
188.96445 29.07122 23.396 20.839 19.316 18.232 17.649 0.602 0.040 0.018 0.017 0.036 0 0 0 0 0
188.97139 29.00749 25.067 21.651 20.214 19.383 18.925 0.939 0.071 0.027 0.023 0.051 0 0 0 0 0
188.98312 28.91614 23.429 21.174 19.751 18.973 18.544 0.616 0.049 0.021 0.020 0.044 0 0 0 0 0
188.98853 29.01086 24.331 20.694 19.318 18.083 17.417 0.987 0.037 0.019 0.019 0.037 0 0 0 0 0
189.00734 29.01688 24.398 20.548 18.996 17.500 16.731 0.995 0.034 0.017 0.016 0.034 0 0 0 0 0
189.02773 28.98811 24.956 20.971 19.662 18.205 17.436 0.974 0.043 0.020 0.017 0.036 0 0 0 0 0
