typedef struct {
int index;
int tileId[20];
double area;
int nTiles;
long nTargets;
long nRandom;
} TIOVERLAP;

TIOVERLAP 0 { 0 0 0 0 0 0 0 0 0 0 0 0 0 0 0 0 0 0 0 0} 0 0 561 0
TIOVERLAP 1 { 73 0 0 0 0 0 0 0 0 0 0 0 0 0 0 0 0 0 0 0} 0 1 2 0
TIOVERLAP 2 { 73 74 0 0 0 0 0 0 0 0 0 0 0 0 0 0 0 0 0 0} 0 2 1 0
TIOVERLAP 3 { 73 147 0 0 0 0 0 0 0 0 0 0 0 0 0 0 0 0 0 0} 0 2 1 0
TIOVERLAP 4 { 74 0 0 0 0 0 0 0 0 0 0 0 0 0 0 0 0 0 0 0} 0 1 3 0
TIOVERLAP 5 { 74 75 0 0 0 0 0 0 0 0 0 0 0 0 0 0 0 0 0 0} 0 2 1 0
TIOVERLAP 6 { 75 0 0 0 0 0 0 0 0 0 0 0 0 0 0 0 0 0 0 0} 0 1 1 0
TIOVERLAP 7 { 75 76 0 0 0 0 0 0 0 0 0 0 0 0 0 0 0 0 0 0} 0 2 1 0
TIOVERLAP 8 { 76 0 0 0 0 0 0 0 0 0 0 0 0 0 0 0 0 0 0 0} 0 1 5 0
TIOVERLAP 9 { 76 77 0 0 0 0 0 0 0 0 0 0 0 0 0 0 0 0 0 0} 0 2 4 0
TIOVERLAP 10 { 76 77 331 0 0 0 0 0 0 0 0 0 0 0 0 0 0 0 0 0} 0 3 1 0
TIOVERLAP 11 { 76 331 0 0 0 0 0 0 0 0 0 0 0 0 0 0 0 0 0 0} 0 2 1 0
TIOVERLAP 12 { 77 0 0 0 0 0 0 0 0 0 0 0 0 0 0 0 0 0 0 0} 0 1 2 0
TIOVERLAP 13 { 77 78 0 0 0 0 0 0 0 0 0 0 0 0 0 0 0 0 0 0} 0 2 4 0
TIOVERLAP 14 { 77 78 330 0 0 0 0 0 0 0 0 0 0 0 0 0 0 0 0 0} 0 3 1 0
TIOVERLAP 15 { 77 78 330 331 0 0 0 0 0 0 0 0 0 0 0 0 0 0 0 0} 0 4 1 0
TIOVERLAP 16 { 77 78 331 0 0 0 0 0 0 0 0 0 0 0 0 0 0 0 0 0} 0 3 1 0
TIOVERLAP 17 { 77 330 331 0 0 0 0 0 0 0 0 0 0 0 0 0 0 0 0 0} 0 3 1 0
TIOVERLAP 18 { 77 331 0 0 0 0 0 0 0 0 0 0 0 0 0 0 0 0 0 0} 0 2 1 0
TIOVERLAP 19 { 78 0 0 0 0 0 0 0 0 0 0 0 0 0 0 0 0 0 0 0} 0 1 2 0
TIOVERLAP 20 { 78 79 0 0 0 0 0 0 0 0 0 0 0 0 0 0 0 0 0 0} 0 2 4 0
TIOVERLAP 21 { 78 79 329 0 0 0 0 0 0 0 0 0 0 0 0 0 0 0 0 0} 0 3 1 0
TIOVERLAP 22 { 78 79 329 330 0 0 0 0 0 0 0 0 0 0 0 0 0 0 0 0} 0 4 1 0
TIOVERLAP 23 { 78 79 330 0 0 0 0 0 0 0 0 0 0 0 0 0 0 0 0 0} 0 3 1 0
TIOVERLAP 24 { 78 329 330 0 0 0 0 0 0 0 0 0 0 0 0 0 0 0 0 0} 0 3 1 0
TIOVERLAP 25 { 78 330 0 0 0 0 0 0 0 0 0 0 0 0 0 0 0 0 0 0} 0 2 1 0
TIOVERLAP 26 { 78 330 331 0 0 0 0 0 0 0 0 0 0 0 0 0 0 0 0 0} 0 3 1 0
TIOVERLAP 27 { 79 0 0 0 0 0 0 0 0 0 0 0 0 0 0 0 0 0 0 0} 0 1 2 0
TIOVERLAP 28 { 79 80 0 0 0 0 0 0 0 0 0 0 0 0 0 0 0 0 0 0} 0 2 4 0
TIOVERLAP 29 { 79 80 328 0 0 0 0 0 0 0 0 0 0 0 0 0 0 0 0 0} 0 3 1 0
TIOVERLAP 30 { 79 80 328 329 0 0 0 0 0 0 0 0 0 0 0 0 0 0 0 0} 0 4 1 0
TIOVERLAP 31 { 79 80 329 0 0 0 0 0 0 0 0 0 0 0 0 0 0 0 0 0} 0 3 1 0
TIOVERLAP 32 { 79 328 329 0 0 0 0 0 0 0 0 0 0 0 0 0 0 0 0 0} 0 3 1 0
TIOVERLAP 33 { 79 329 0 0 0 0 0 0 0 0 0 0 0 0 0 0 0 0 0 0} 0 2 1 0
TIOVERLAP 34 { 79 329 330 0 0 0 0 0 0 0 0 0 0 0 0 0 0 0 0 0} 0 3 1 0
TIOVERLAP 35 { 80 0 0 0 0 0 0 0 0 0 0 0 0 0 0 0 0 0 0 0} 0 1 2 0
TIOVERLAP 36 { 80 81 0 0 0 0 0 0 0 0 0 0 0 0 0 0 0 0 0 0} 0 2 4 0
TIOVERLAP 37 { 80 81 327 0 0 0 0 0 0 0 0 0 0 0 0 0 0 0 0 0} 0 3 1 0
TIOVERLAP 38 { 80 81 327 328 0 0 0 0 0 0 0 0 0 0 0 0 0 0 0 0} 0 4 1 0
TIOVERLAP 39 { 80 81 328 0 0 0 0 0 0 0 0 0 0 0 0 0 0 0 0 0} 0 3 1 0
TIOVERLAP 40 { 80 327 328 0 0 0 0 0 0 0 0 0 0 0 0 0 0 0 0 0} 0 3 1 0
TIOVERLAP 41 { 80 328 0 0 0 0 0 0 0 0 0 0 0 0 0 0 0 0 0 0} 0 2 1 0
TIOVERLAP 42 { 80 328 329 0 0 0 0 0 0 0 0 0 0 0 0 0 0 0 0 0} 0 3 1 0
TIOVERLAP 43 { 81 0 0 0 0 0 0 0 0 0 0 0 0 0 0 0 0 0 0 0} 0 1 2 0
TIOVERLAP 44 { 81 82 0 0 0 0 0 0 0 0 0 0 0 0 0 0 0 0 0 0} 0 2 4 0
TIOVERLAP 45 { 81 82 326 0 0 0 0 0 0 0 0 0 0 0 0 0 0 0 0 0} 0 3 1 0
TIOVERLAP 46 { 81 82 326 327 0 0 0 0 0 0 0 0 0 0 0 0 0 0 0 0} 0 4 1 0
TIOVERLAP 47 { 81 82 327 0 0 0 0 0 0 0 0 0 0 0 0 0 0 0 0 0} 0 3 1 0
TIOVERLAP 48 { 81 326 327 0 0 0 0 0 0 0 0 0 0 0 0 0 0 0 0 0} 0 3 1 0
TIOVERLAP 49 { 81 327 0 0 0 0 0 0 0 0 0 0 0 0 0 0 0 0 0 0} 0 2 1 0
TIOVERLAP 50 { 81 327 328 0 0 0 0 0 0 0 0 0 0 0 0 0 0 0 0 0} 0 3 1 0
TIOVERLAP 51 { 82 0 0 0 0 0 0 0 0 0 0 0 0 0 0 0 0 0 0 0} 0 1 2 0
TIOVERLAP 52 { 82 83 0 0 0 0 0 0 0 0 0 0 0 0 0 0 0 0 0 0} 0 2 3 0
TIOVERLAP 53 { 82 83 325 326 0 0 0 0 0 0 0 0 0 0 0 0 0 0 0 0} 0 4 1 0
TIOVERLAP 54 { 82 83 326 0 0 0 0 0 0 0 0 0 0 0 0 0 0 0 0 0} 0 3 1 0
TIOVERLAP 55 { 82 326 0 0 0 0 0 0 0 0 0 0 0 0 0 0 0 0 0 0} 0 2 1 0
TIOVERLAP 56 { 82 326 327 0 0 0 0 0 0 0 0 0 0 0 0 0 0 0 0 0} 0 3 1 0
TIOVERLAP 57 { 83 0 0 0 0 0 0 0 0 0 0 0 0 0 0 0 0 0 0 0} 0 1 3 0
TIOVERLAP 58 { 83 84 0 0 0 0 0 0 0 0 0 0 0 0 0 0 0 0 0 0} 0 2 3 0
TIOVERLAP 59 { 83 84 85 0 0 0 0 0 0 0 0 0 0 0 0 0 0 0 0 0} 0 3 1 0
TIOVERLAP 60 { 83 84 325 0 0 0 0 0 0 0 0 0 0 0 0 0 0 0 0 0} 0 3 1 0
TIOVERLAP 61 { 83 325 0 0 0 0 0 0 0 0 0 0 0 0 0 0 0 0 0 0} 0 2 1 0
TIOVERLAP 62 { 83 325 326 0 0 0 0 0 0 0 0 0 0 0 0 0 0 0 0 0} 0 3 1 0
TIOVERLAP 63 { 83 326 0 0 0 0 0 0 0 0 0 0 0 0 0 0 0 0 0 0} 0 2 2 0
TIOVERLAP 64 { 84 0 0 0 0 0 0 0 0 0 0 0 0 0 0 0 0 0 0 0} 0 1 3 0
TIOVERLAP 65 { 84 85 0 0 0 0 0 0 0 0 0 0 0 0 0 0 0 0 0 0} 0 2 2 0
TIOVERLAP 66 { 84 85 86 0 0 0 0 0 0 0 0 0 0 0 0 0 0 0 0 0} 0 3 1 0
TIOVERLAP 67 { 84 85 324 0 0 0 0 0 0 0 0 0 0 0 0 0 0 0 0 0} 0 3 1 0
TIOVERLAP 68 { 84 324 0 0 0 0 0 0 0 0 0 0 0 0 0 0 0 0 0 0} 0 2 1 0
TIOVERLAP 69 { 84 324 325 0 0 0 0 0 0 0 0 0 0 0 0 0 0 0 0 0} 0 3 1 0
TIOVERLAP 70 { 84 325 0 0 0 0 0 0 0 0 0 0 0 0 0 0 0 0 0 0} 0 2 1 0
TIOVERLAP 71 { 85 0 0 0 0 0 0 0 0 0 0 0 0 0 0 0 0 0 0 0} 0 1 3 0
TIOVERLAP 72 { 85 86 0 0 0 0 0 0 0 0 0 0 0 0 0 0 0 0 0 0} 0 2 3 0
TIOVERLAP 73 { 85 86 323 0 0 0 0 0 0 0 0 0 0 0 0 0 0 0 0 0} 0 3 1 0
TIOVERLAP 74 { 85 323 0 0 0 0 0 0 0 0 0 0 0 0 0 0 0 0 0 0} 0 2 1 0
TIOVERLAP 75 { 85 323 324 0 0 0 0 0 0 0 0 0 0 0 0 0 0 0 0 0} 0 3 1 0
TIOVERLAP 76 { 85 324 0 0 0 0 0 0 0 0 0 0 0 0 0 0 0 0 0 0} 0 2 1 0
TIOVERLAP 77 { 86 0 0 0 0 0 0 0 0 0 0 0 0 0 0 0 0 0 0 0} 0 1 3 0
TIOVERLAP 78 { 86 87 0 0 0 0 0 0 0 0 0 0 0 0 0 0 0 0 0 0} 0 2 2 0
TIOVERLAP 79 { 86 87 322 0 0 0 0 0 0 0 0 0 0 0 0 0 0 0 0 0} 0 3 1 0
TIOVERLAP 80 { 86 322 0 0 0 0 0 0 0 0 0 0 0 0 0 0 0 0 0 0} 0 2 1 0
TIOVERLAP 81 { 86 322 323 0 0 0 0 0 0 0 0 0 0 0 0 0 0 0 0 0} 0 3 1 0
TIOVERLAP 82 { 86 323 0 0 0 0 0 0 0 0 0 0 0 0 0 0 0 0 0 0} 0 2 1 0
TIOVERLAP 83 { 87 0 0 0 0 0 0 0 0 0 0 0 0 0 0 0 0 0 0 0} 0 1 4 0
TIOVERLAP 84 { 87 88 0 0 0 0 0 0 0 0 0 0 0 0 0 0 0 0 0 0} 0 2 2 0
TIOVERLAP 85 { 87 322 0 0 0 0 0 0 0 0 0 0 0 0 0 0 0 0 0 0} 0 2 1 0
TIOVERLAP 86 { 88 0 0 0 0 0 0 0 0 0 0 0 0 0 0 0 0 0 0 0} 0 1 2 0
TIOVERLAP 87 { 88 89 0 0 0 0 0 0 0 0 0 0 0 0 0 0 0 0 0 0} 0 2 2 0
TIOVERLAP 88 { 88 89 320 0 0 0 0 0 0 0 0 0 0 0 0 0 0 0 0 0} 0 3 1 0
TIOVERLAP 89 { 88 320 0 0 0 0 0 0 0 0 0 0 0 0 0 0 0 0 0 0} 0 2 1 0
TIOVERLAP 90 { 88 320 321 0 0 0 0 0 0 0 0 0 0 0 0 0 0 0 0 0} 0 3 1 0
TIOVERLAP 91 { 88 321 0 0 0 0 0 0 0 0 0 0 0 0 0 0 0 0 0 0} 0 2 1 0
TIOVERLAP 92 { 89 0 0 0 0 0 0 0 0 0 0 0 0 0 0 0 0 0 0 0} 0 1 2 0
TIOVERLAP 93 { 89 90 0 0 0 0 0 0 0 0 0 0 0 0 0 0 0 0 0 0} 0 2 2 0
TIOVERLAP 94 { 89 90 319 0 0 0 0 0 0 0 0 0 0 0 0 0 0 0 0 0} 0 3 1 0
TIOVERLAP 95 { 89 319 0 0 0 0 0 0 0 0 0 0 0 0 0 0 0 0 0 0} 0 2 1 0
TIOVERLAP 96 { 89 319 320 0 0 0 0 0 0 0 0 0 0 0 0 0 0 0 0 0} 0 3 1 0
TIOVERLAP 97 { 89 320 0 0 0 0 0 0 0 0 0 0 0 0 0 0 0 0 0 0} 0 2 1 0
TIOVERLAP 98 { 90 0 0 0 0 0 0 0 0 0 0 0 0 0 0 0 0 0 0 0} 0 1 2 0
TIOVERLAP 99 { 90 91 0 0 0 0 0 0 0 0 0 0 0 0 0 0 0 0 0 0} 0 2 2 0
TIOVERLAP 100 { 90 91 318 0 0 0 0 0 0 0 0 0 0 0 0 0 0 0 0 0} 0 3 1 0
TIOVERLAP 101 { 90 318 0 0 0 0 0 0 0 0 0 0 0 0 0 0 0 0 0 0} 0 2 1 0
TIOVERLAP 102 { 90 318 319 0 0 0 0 0 0 0 0 0 0 0 0 0 0 0 0 0} 0 3 1 0
TIOVERLAP 103 { 90 319 0 0 0 0 0 0 0 0 0 0 0 0 0 0 0 0 0 0} 0 2 1 0
TIOVERLAP 104 { 91 0 0 0 0 0 0 0 0 0 0 0 0 0 0 0 0 0 0 0} 0 1 7 0
TIOVERLAP 105 { 91 92 0 0 0 0 0 0 0 0 0 0 0 0 0 0 0 0 0 0} 0 2 3 0
TIOVERLAP 106 { 91 92 125 0 0 0 0 0 0 0 0 0 0 0 0 0 0 0 0 0} 0 3 1 0
TIOVERLAP 107 { 91 92 317 0 0 0 0 0 0 0 0 0 0 0 0 0 0 0 0 0} 0 3 1 0
TIOVERLAP 108 { 91 125 0 0 0 0 0 0 0 0 0 0 0 0 0 0 0 0 0 0} 0 2 2 0
TIOVERLAP 109 { 91 317 0 0 0 0 0 0 0 0 0 0 0 0 0 0 0 0 0 0} 0 2 1 0
TIOVERLAP 110 { 91 317 318 0 0 0 0 0 0 0 0 0 0 0 0 0 0 0 0 0} 0 3 1 0
TIOVERLAP 111 { 91 318 0 0 0 0 0 0 0 0 0 0 0 0 0 0 0 0 0 0} 0 2 1 0
TIOVERLAP 112 { 92 0 0 0 0 0 0 0 0 0 0 0 0 0 0 0 0 0 0 0} 0 1 6 0
TIOVERLAP 113 { 92 93 0 0 0 0 0 0 0 0 0 0 0 0 0 0 0 0 0 0} 0 2 3 0
TIOVERLAP 114 { 92 93 126 0 0 0 0 0 0 0 0 0 0 0 0 0 0 0 0 0} 0 3 1 0
TIOVERLAP 115 { 92 93 316 0 0 0 0 0 0 0 0 0 0 0 0 0 0 0 0 0} 0 3 1 0
TIOVERLAP 116 { 92 125 0 0 0 0 0 0 0 0 0 0 0 0 0 0 0 0 0 0} 0 2 2 0
TIOVERLAP 117 { 92 125 126 0 0 0 0 0 0 0 0 0 0 0 0 0 0 0 0 0} 0 3 1 0
TIOVERLAP 118 { 92 126 0 0 0 0 0 0 0 0 0 0 0 0 0 0 0 0 0 0} 0 2 2 0
TIOVERLAP 119 { 92 316 0 0 0 0 0 0 0 0 0 0 0 0 0 0 0 0 0 0} 0 2 1 0
TIOVERLAP 120 { 92 316 317 0 0 0 0 0 0 0 0 0 0 0 0 0 0 0 0 0} 0 3 1 0
TIOVERLAP 121 { 92 317 0 0 0 0 0 0 0 0 0 0 0 0 0 0 0 0 0 0} 0 2 1 0
TIOVERLAP 122 { 93 0 0 0 0 0 0 0 0 0 0 0 0 0 0 0 0 0 0 0} 0 1 3 0
TIOVERLAP 123 { 93 94 0 0 0 0 0 0 0 0 0 0 0 0 0 0 0 0 0 0} 0 2 3 0
TIOVERLAP 124 { 93 94 126 0 0 0 0 0 0 0 0 0 0 0 0 0 0 0 0 0} 0 3 1 0
TIOVERLAP 125 { 93 94 316 0 0 0 0 0 0 0 0 0 0 0 0 0 0 0 0 0} 0 3 1 0
TIOVERLAP 126 { 93 126 0 0 0 0 0 0 0 0 0 0 0 0 0 0 0 0 0 0} 0 2 2 0
TIOVERLAP 127 { 93 316 0 0 0 0 0 0 0 0 0 0 0 0 0 0 0 0 0 0} 0 2 1 0
TIOVERLAP 128 { 94 0 0 0 0 0 0 0 0 0 0 0 0 0 0 0 0 0 0 0} 0 1 7 0
TIOVERLAP 129 { 94 95 0 0 0 0 0 0 0 0 0 0 0 0 0 0 0 0 0 0} 0 2 2 0
TIOVERLAP 130 { 94 95 315 0 0 0 0 0 0 0 0 0 0 0 0 0 0 0 0 0} 0 3 1 0
TIOVERLAP 131 { 94 126 0 0 0 0 0 0 0 0 0 0 0 0 0 0 0 0 0 0} 0 2 2 0
TIOVERLAP 132 { 94 127 0 0 0 0 0 0 0 0 0 0 0 0 0 0 0 0 0 0} 0 2 2 0
TIOVERLAP 133 { 94 315 0 0 0 0 0 0 0 0 0 0 0 0 0 0 0 0 0 0} 0 2 1 0
TIOVERLAP 134 { 94 315 316 0 0 0 0 0 0 0 0 0 0 0 0 0 0 0 0 0} 0 3 1 0
TIOVERLAP 135 { 94 316 0 0 0 0 0 0 0 0 0 0 0 0 0 0 0 0 0 0} 0 2 1 0
TIOVERLAP 136 { 95 0 0 0 0 0 0 0 0 0 0 0 0 0 0 0 0 0 0 0} 0 1 3 0
TIOVERLAP 137 { 95 96 0 0 0 0 0 0 0 0 0 0 0 0 0 0 0 0 0 0} 0 2 3 0
TIOVERLAP 138 { 95 96 314 0 0 0 0 0 0 0 0 0 0 0 0 0 0 0 0 0} 0 3 1 0
TIOVERLAP 139 { 95 128 0 0 0 0 0 0 0 0 0 0 0 0 0 0 0 0 0 0} 0 2 2 0
TIOVERLAP 140 { 95 314 0 0 0 0 0 0 0 0 0 0 0 0 0 0 0 0 0 0} 0 2 1 0
TIOVERLAP 141 { 95 315 0 0 0 0 0 0 0 0 0 0 0 0 0 0 0 0 0 0} 0 2 1 0
TIOVERLAP 142 { 96 0 0 0 0 0 0 0 0 0 0 0 0 0 0 0 0 0 0 0} 0 1 7 0
TIOVERLAP 143 { 96 97 0 0 0 0 0 0 0 0 0 0 0 0 0 0 0 0 0 0} 0 2 3 0
TIOVERLAP 144 { 96 97 130 0 0 0 0 0 0 0 0 0 0 0 0 0 0 0 0 0} 0 3 1 0
TIOVERLAP 145 { 96 97 313 0 0 0 0 0 0 0 0 0 0 0 0 0 0 0 0 0} 0 3 1 0
TIOVERLAP 146 { 96 128 0 0 0 0 0 0 0 0 0 0 0 0 0 0 0 0 0 0} 0 2 1 0
TIOVERLAP 147 { 96 128 129 0 0 0 0 0 0 0 0 0 0 0 0 0 0 0 0 0} 0 3 2 0
TIOVERLAP 148 { 96 129 0 0 0 0 0 0 0 0 0 0 0 0 0 0 0 0 0 0} 0 2 2 0
TIOVERLAP 149 { 96 129 130 0 0 0 0 0 0 0 0 0 0 0 0 0 0 0 0 0} 0 3 2 0
TIOVERLAP 150 { 96 130 0 0 0 0 0 0 0 0 0 0 0 0 0 0 0 0 0 0} 0 2 2 0
TIOVERLAP 151 { 96 313 0 0 0 0 0 0 0 0 0 0 0 0 0 0 0 0 0 0} 0 2 1 0
TIOVERLAP 152 { 96 314 0 0 0 0 0 0 0 0 0 0 0 0 0 0 0 0 0 0} 0 2 1 0
TIOVERLAP 153 { 97 0 0 0 0 0 0 0 0 0 0 0 0 0 0 0 0 0 0 0} 0 1 5 0
TIOVERLAP 154 { 97 98 0 0 0 0 0 0 0 0 0 0 0 0 0 0 0 0 0 0} 0 2 3 0
TIOVERLAP 155 { 97 98 312 0 0 0 0 0 0 0 0 0 0 0 0 0 0 0 0 0} 0 3 1 0
TIOVERLAP 156 { 97 130 0 0 0 0 0 0 0 0 0 0 0 0 0 0 0 0 0 0} 0 2 2 0
TIOVERLAP 157 { 97 130 131 0 0 0 0 0 0 0 0 0 0 0 0 0 0 0 0 0} 0 3 2 0
TIOVERLAP 158 { 97 131 0 0 0 0 0 0 0 0 0 0 0 0 0 0 0 0 0 0} 0 2 2 0
TIOVERLAP 159 { 97 312 0 0 0 0 0 0 0 0 0 0 0 0 0 0 0 0 0 0} 0 2 1 0
TIOVERLAP 160 { 97 312 313 0 0 0 0 0 0 0 0 0 0 0 0 0 0 0 0 0} 0 3 1 0
TIOVERLAP 161 { 97 313 0 0 0 0 0 0 0 0 0 0 0 0 0 0 0 0 0 0} 0 2 1 0
TIOVERLAP 162 { 98 0 0 0 0 0 0 0 0 0 0 0 0 0 0 0 0 0 0 0} 0 1 5 0
TIOVERLAP 163 { 98 99 0 0 0 0 0 0 0 0 0 0 0 0 0 0 0 0 0 0} 0 2 2 0
TIOVERLAP 164 { 98 99 311 0 0 0 0 0 0 0 0 0 0 0 0 0 0 0 0 0} 0 3 1 0
TIOVERLAP 165 { 98 131 0 0 0 0 0 0 0 0 0 0 0 0 0 0 0 0 0 0} 0 2 2 0
TIOVERLAP 166 { 98 311 0 0 0 0 0 0 0 0 0 0 0 0 0 0 0 0 0 0} 0 2 1 0
TIOVERLAP 167 { 98 312 0 0 0 0 0 0 0 0 0 0 0 0 0 0 0 0 0 0} 0 2 1 0
TIOVERLAP 168 { 99 0 0 0 0 0 0 0 0 0 0 0 0 0 0 0 0 0 0 0} 0 1 5 0
TIOVERLAP 169 { 99 100 0 0 0 0 0 0 0 0 0 0 0 0 0 0 0 0 0 0} 0 2 2 0
TIOVERLAP 170 { 99 100 310 0 0 0 0 0 0 0 0 0 0 0 0 0 0 0 0 0} 0 3 1 0
TIOVERLAP 171 { 99 132 0 0 0 0 0 0 0 0 0 0 0 0 0 0 0 0 0 0} 0 2 2 0
TIOVERLAP 172 { 99 310 0 0 0 0 0 0 0 0 0 0 0 0 0 0 0 0 0 0} 0 2 1 0
TIOVERLAP 173 { 99 311 0 0 0 0 0 0 0 0 0 0 0 0 0 0 0 0 0 0} 0 2 1 0
TIOVERLAP 174 { 100 0 0 0 0 0 0 0 0 0 0 0 0 0 0 0 0 0 0 0} 0 1 5 0
TIOVERLAP 175 { 100 101 0 0 0 0 0 0 0 0 0 0 0 0 0 0 0 0 0 0} 0 2 4 0
TIOVERLAP 176 { 100 101 133 0 0 0 0 0 0 0 0 0 0 0 0 0 0 0 0 0} 0 3 1 0
TIOVERLAP 177 { 100 101 309 0 0 0 0 0 0 0 0 0 0 0 0 0 0 0 0 0} 0 3 1 0
TIOVERLAP 178 { 100 133 0 0 0 0 0 0 0 0 0 0 0 0 0 0 0 0 0 0} 0 2 2 0
TIOVERLAP 179 { 100 309 0 0 0 0 0 0 0 0 0 0 0 0 0 0 0 0 0 0} 0 2 1 0
TIOVERLAP 180 { 100 310 0 0 0 0 0 0 0 0 0 0 0 0 0 0 0 0 0 0} 0 2 1 0
TIOVERLAP 181 { 101 0 0 0 0 0 0 0 0 0 0 0 0 0 0 0 0 0 0 0} 0 1 5 0
TIOVERLAP 182 { 101 102 0 0 0 0 0 0 0 0 0 0 0 0 0 0 0 0 0 0} 0 2 3 0
TIOVERLAP 183 { 101 102 308 0 0 0 0 0 0 0 0 0 0 0 0 0 0 0 0 0} 0 3 1 0
TIOVERLAP 184 { 101 133 0 0 0 0 0 0 0 0 0 0 0 0 0 0 0 0 0 0} 0 2 2 0
TIOVERLAP 185 { 101 134 0 0 0 0 0 0 0 0 0 0 0 0 0 0 0 0 0 0} 0 2 2 0
TIOVERLAP 186 { 101 308 0 0 0 0 0 0 0 0 0 0 0 0 0 0 0 0 0 0} 0 2 1 0
TIOVERLAP 187 { 101 309 0 0 0 0 0 0 0 0 0 0 0 0 0 0 0 0 0 0} 0 2 1 0
TIOVERLAP 188 { 102 0 0 0 0 0 0 0 0 0 0 0 0 0 0 0 0 0 0 0} 0 1 6 0
TIOVERLAP 189 { 102 103 0 0 0 0 0 0 0 0 0 0 0 0 0 0 0 0 0 0} 0 2 3 0
TIOVERLAP 190 { 102 103 135 0 0 0 0 0 0 0 0 0 0 0 0 0 0 0 0 0} 0 3 1 0
TIOVERLAP 191 { 102 103 307 0 0 0 0 0 0 0 0 0 0 0 0 0 0 0 0 0} 0 3 1 0
TIOVERLAP 192 { 102 134 0 0 0 0 0 0 0 0 0 0 0 0 0 0 0 0 0 0} 0 2 2 0
TIOVERLAP 193 { 102 135 0 0 0 0 0 0 0 0 0 0 0 0 0 0 0 0 0 0} 0 2 2 0
TIOVERLAP 194 { 102 307 0 0 0 0 0 0 0 0 0 0 0 0 0 0 0 0 0 0} 0 2 1 0
TIOVERLAP 195 { 102 307 308 0 0 0 0 0 0 0 0 0 0 0 0 0 0 0 0 0} 0 3 1 0
TIOVERLAP 196 { 102 308 0 0 0 0 0 0 0 0 0 0 0 0 0 0 0 0 0 0} 0 2 1 0
TIOVERLAP 197 { 103 0 0 0 0 0 0 0 0 0 0 0 0 0 0 0 0 0 0 0} 0 1 6 0
TIOVERLAP 198 { 103 104 0 0 0 0 0 0 0 0 0 0 0 0 0 0 0 0 0 0} 0 2 3 0
TIOVERLAP 199 { 103 104 136 0 0 0 0 0 0 0 0 0 0 0 0 0 0 0 0 0} 0 3 2 0
TIOVERLAP 200 { 103 104 306 0 0 0 0 0 0 0 0 0 0 0 0 0 0 0 0 0} 0 3 1 0
TIOVERLAP 201 { 103 135 0 0 0 0 0 0 0 0 0 0 0 0 0 0 0 0 0 0} 0 2 2 0
TIOVERLAP 202 { 103 136 0 0 0 0 0 0 0 0 0 0 0 0 0 0 0 0 0 0} 0 2 2 0
TIOVERLAP 203 { 103 306 0 0 0 0 0 0 0 0 0 0 0 0 0 0 0 0 0 0} 0 2 1 0
TIOVERLAP 204 { 103 307 0 0 0 0 0 0 0 0 0 0 0 0 0 0 0 0 0 0} 0 2 1 0
TIOVERLAP 205 { 104 0 0 0 0 0 0 0 0 0 0 0 0 0 0 0 0 0 0 0} 0 1 5 0
TIOVERLAP 206 { 104 105 0 0 0 0 0 0 0 0 0 0 0 0 0 0 0 0 0 0} 0 2 3 0
TIOVERLAP 207 { 104 136 0 0 0 0 0 0 0 0 0 0 0 0 0 0 0 0 0 0} 0 2 2 0
TIOVERLAP 208 { 104 136 137 0 0 0 0 0 0 0 0 0 0 0 0 0 0 0 0 0} 0 3 2 0
TIOVERLAP 209 { 104 137 0 0 0 0 0 0 0 0 0 0 0 0 0 0 0 0 0 0} 0 2 2 0
TIOVERLAP 210 { 104 306 0 0 0 0 0 0 0 0 0 0 0 0 0 0 0 0 0 0} 0 2 1 0
TIOVERLAP 211 { 105 0 0 0 0 0 0 0 0 0 0 0 0 0 0 0 0 0 0 0} 0 1 5 0
TIOVERLAP 212 { 105 106 0 0 0 0 0 0 0 0 0 0 0 0 0 0 0 0 0 0} 0 2 3 0
TIOVERLAP 213 { 105 137 0 0 0 0 0 0 0 0 0 0 0 0 0 0 0 0 0 0} 0 2 2 0
TIOVERLAP 214 { 105 137 138 0 0 0 0 0 0 0 0 0 0 0 0 0 0 0 0 0} 0 3 2 0
TIOVERLAP 215 { 105 138 0 0 0 0 0 0 0 0 0 0 0 0 0 0 0 0 0 0} 0 2 2 0
TIOVERLAP 216 { 105 304 0 0 0 0 0 0 0 0 0 0 0 0 0 0 0 0 0 0} 0 2 1 0
TIOVERLAP 217 { 105 305 0 0 0 0 0 0 0 0 0 0 0 0 0 0 0 0 0 0} 0 2 1 0
TIOVERLAP 218 { 106 0 0 0 0 0 0 0 0 0 0 0 0 0 0 0 0 0 0 0} 0 1 7 0
TIOVERLAP 219 { 106 107 0 0 0 0 0 0 0 0 0 0 0 0 0 0 0 0 0 0} 0 2 2 0
TIOVERLAP 220 { 106 107 303 0 0 0 0 0 0 0 0 0 0 0 0 0 0 0 0 0} 0 3 1 0
TIOVERLAP 221 { 106 138 0 0 0 0 0 0 0 0 0 0 0 0 0 0 0 0 0 0} 0 2 2 0
TIOVERLAP 222 { 106 138 139 0 0 0 0 0 0 0 0 0 0 0 0 0 0 0 0 0} 0 3 2 0
TIOVERLAP 223 { 106 139 0 0 0 0 0 0 0 0 0 0 0 0 0 0 0 0 0 0} 0 2 2 0
TIOVERLAP 224 { 106 303 0 0 0 0 0 0 0 0 0 0 0 0 0 0 0 0 0 0} 0 2 1 0
TIOVERLAP 225 { 106 303 304 0 0 0 0 0 0 0 0 0 0 0 0 0 0 0 0 0} 0 3 1 0
TIOVERLAP 226 { 106 304 0 0 0 0 0 0 0 0 0 0 0 0 0 0 0 0 0 0} 0 2 1 0
TIOVERLAP 227 { 107 0 0 0 0 0 0 0 0 0 0 0 0 0 0 0 0 0 0 0} 0 1 3 0
TIOVERLAP 228 { 107 108 0 0 0 0 0 0 0 0 0 0 0 0 0 0 0 0 0 0} 0 2 3 0
TIOVERLAP 229 { 107 108 140 0 0 0 0 0 0 0 0 0 0 0 0 0 0 0 0 0} 0 3 1 0
TIOVERLAP 230 { 107 108 302 0 0 0 0 0 0 0 0 0 0 0 0 0 0 0 0 0} 0 3 1 0
TIOVERLAP 231 { 107 108 302 303 0 0 0 0 0 0 0 0 0 0 0 0 0 0 0 0} 0 4 1 0
TIOVERLAP 232 { 107 108 303 0 0 0 0 0 0 0 0 0 0 0 0 0 0 0 0 0} 0 3 1 0
TIOVERLAP 233 { 107 140 0 0 0 0 0 0 0 0 0 0 0 0 0 0 0 0 0 0} 0 2 2 0
TIOVERLAP 234 { 107 302 303 0 0 0 0 0 0 0 0 0 0 0 0 0 0 0 0 0} 0 3 1 0
TIOVERLAP 235 { 107 303 0 0 0 0 0 0 0 0 0 0 0 0 0 0 0 0 0 0} 0 2 1 0
TIOVERLAP 236 { 108 0 0 0 0 0 0 0 0 0 0 0 0 0 0 0 0 0 0 0} 0 1 7 0
TIOVERLAP 237 { 108 109 0 0 0 0 0 0 0 0 0 0 0 0 0 0 0 0 0 0} 0 2 2 0
TIOVERLAP 238 { 108 109 301 0 0 0 0 0 0 0 0 0 0 0 0 0 0 0 0 0} 0 3 1 0
TIOVERLAP 239 { 108 109 301 302 0 0 0 0 0 0 0 0 0 0 0 0 0 0 0 0} 0 4 1 0
TIOVERLAP 240 { 108 109 302 0 0 0 0 0 0 0 0 0 0 0 0 0 0 0 0 0} 0 3 1 0
TIOVERLAP 241 { 108 140 0 0 0 0 0 0 0 0 0 0 0 0 0 0 0 0 0 0} 0 2 2 0
TIOVERLAP 242 { 108 302 0 0 0 0 0 0 0 0 0 0 0 0 0 0 0 0 0 0} 0 2 1 0
TIOVERLAP 243 { 109 0 0 0 0 0 0 0 0 0 0 0 0 0 0 0 0 0 0 0} 0 1 2 0
TIOVERLAP 244 { 109 110 0 0 0 0 0 0 0 0 0 0 0 0 0 0 0 0 0 0} 0 2 2 0
TIOVERLAP 245 { 109 110 300 0 0 0 0 0 0 0 0 0 0 0 0 0 0 0 0 0} 0 3 1 0
TIOVERLAP 246 { 109 110 300 301 0 0 0 0 0 0 0 0 0 0 0 0 0 0 0 0} 0 4 1 0
TIOVERLAP 247 { 109 110 301 0 0 0 0 0 0 0 0 0 0 0 0 0 0 0 0 0} 0 3 1 0
TIOVERLAP 248 { 109 300 301 0 0 0 0 0 0 0 0 0 0 0 0 0 0 0 0 0} 0 3 1 0
TIOVERLAP 249 { 109 301 0 0 0 0 0 0 0 0 0 0 0 0 0 0 0 0 0 0} 0 2 1 0
TIOVERLAP 250 { 109 301 302 0 0 0 0 0 0 0 0 0 0 0 0 0 0 0 0 0} 0 3 1 0
TIOVERLAP 251 { 110 0 0 0 0 0 0 0 0 0 0 0 0 0 0 0 0 0 0 0} 0 1 4 0
TIOVERLAP 252 { 110 111 0 0 0 0 0 0 0 0 0 0 0 0 0 0 0 0 0 0} 0 2 2 0
TIOVERLAP 253 { 110 111 300 0 0 0 0 0 0 0 0 0 0 0 0 0 0 0 0 0} 0 3 1 0
TIOVERLAP 254 { 110 300 0 0 0 0 0 0 0 0 0 0 0 0 0 0 0 0 0 0} 0 2 1 0
TIOVERLAP 255 { 110 300 301 0 0 0 0 0 0 0 0 0 0 0 0 0 0 0 0 0} 0 3 1 0
TIOVERLAP 256 { 111 0 0 0 0 0 0 0 0 0 0 0 0 0 0 0 0 0 0 0} 0 1 2 0
TIOVERLAP 257 { 111 112 0 0 0 0 0 0 0 0 0 0 0 0 0 0 0 0 0 0} 0 2 2 0
TIOVERLAP 258 { 111 299 0 0 0 0 0 0 0 0 0 0 0 0 0 0 0 0 0 0} 0 2 1 0
TIOVERLAP 259 { 111 299 300 0 0 0 0 0 0 0 0 0 0 0 0 0 0 0 0 0} 0 3 1 0
TIOVERLAP 260 { 111 300 0 0 0 0 0 0 0 0 0 0 0 0 0 0 0 0 0 0} 0 2 1 0
TIOVERLAP 261 { 112 0 0 0 0 0 0 0 0 0 0 0 0 0 0 0 0 0 0 0} 0 1 2 0
TIOVERLAP 262 { 112 113 0 0 0 0 0 0 0 0 0 0 0 0 0 0 0 0 0 0} 0 2 2 0
TIOVERLAP 263 { 112 113 298 0 0 0 0 0 0 0 0 0 0 0 0 0 0 0 0 0} 0 3 1 0
TIOVERLAP 264 { 112 298 0 0 0 0 0 0 0 0 0 0 0 0 0 0 0 0 0 0} 0 2 1 0
TIOVERLAP 265 { 113 0 0 0 0 0 0 0 0 0 0 0 0 0 0 0 0 0 0 0} 0 1 2 0
TIOVERLAP 266 { 113 114 0 0 0 0 0 0 0 0 0 0 0 0 0 0 0 0 0 0} 0 2 2 0
TIOVERLAP 267 { 113 114 297 0 0 0 0 0 0 0 0 0 0 0 0 0 0 0 0 0} 0 3 1 0
TIOVERLAP 268 { 113 297 0 0 0 0 0 0 0 0 0 0 0 0 0 0 0 0 0 0} 0 2 1 0
TIOVERLAP 269 { 113 297 298 0 0 0 0 0 0 0 0 0 0 0 0 0 0 0 0 0} 0 3 1 0
TIOVERLAP 270 { 113 298 0 0 0 0 0 0 0 0 0 0 0 0 0 0 0 0 0 0} 0 2 1 0
TIOVERLAP 271 { 114 0 0 0 0 0 0 0 0 0 0 0 0 0 0 0 0 0 0 0} 0 1 2 0
TIOVERLAP 272 { 114 115 0 0 0 0 0 0 0 0 0 0 0 0 0 0 0 0 0 0} 0 2 4 0
TIOVERLAP 273 { 114 115 296 0 0 0 0 0 0 0 0 0 0 0 0 0 0 0 0 0} 0 3 1 0
TIOVERLAP 274 { 114 296 0 0 0 0 0 0 0 0 0 0 0 0 0 0 0 0 0 0} 0 2 1 0
TIOVERLAP 275 { 114 296 297 0 0 0 0 0 0 0 0 0 0 0 0 0 0 0 0 0} 0 3 1 0
TIOVERLAP 276 { 114 297 0 0 0 0 0 0 0 0 0 0 0 0 0 0 0 0 0 0} 0 2 1 0
TIOVERLAP 277 { 115 0 0 0 0 0 0 0 0 0 0 0 0 0 0 0 0 0 0 0} 0 1 5 0
TIOVERLAP 278 { 115 116 0 0 0 0 0 0 0 0 0 0 0 0 0 0 0 0 0 0} 0 2 4 0
TIOVERLAP 279 { 115 116 295 0 0 0 0 0 0 0 0 0 0 0 0 0 0 0 0 0} 0 3 1 0
TIOVERLAP 280 { 115 295 0 0 0 0 0 0 0 0 0 0 0 0 0 0 0 0 0 0} 0 2 1 0
TIOVERLAP 281 { 115 295 296 0 0 0 0 0 0 0 0 0 0 0 0 0 0 0 0 0} 0 3 1 0
TIOVERLAP 282 { 115 296 0 0 0 0 0 0 0 0 0 0 0 0 0 0 0 0 0 0} 0 2 1 0
TIOVERLAP 283 { 116 0 0 0 0 0 0 0 0 0 0 0 0 0 0 0 0 0 0 0} 0 1 8 0
TIOVERLAP 284 { 116 117 0 0 0 0 0 0 0 0 0 0 0 0 0 0 0 0 0 0} 0 2 5 0
TIOVERLAP 285 { 116 117 273 294 0 0 0 0 0 0 0 0 0 0 0 0 0 0 0 0} 0 4 1 0
TIOVERLAP 286 { 116 117 294 0 0 0 0 0 0 0 0 0 0 0 0 0 0 0 0 0} 0 3 3 0
TIOVERLAP 287 { 116 294 0 0 0 0 0 0 0 0 0 0 0 0 0 0 0 0 0 0} 0 2 2 0
TIOVERLAP 288 { 116 294 295 0 0 0 0 0 0 0 0 0 0 0 0 0 0 0 0 0} 0 3 3 0
TIOVERLAP 289 { 116 295 0 0 0 0 0 0 0 0 0 0 0 0 0 0 0 0 0 0} 0 2 3 0
TIOVERLAP 290 { 117 0 0 0 0 0 0 0 0 0 0 0 0 0 0 0 0 0 0 0} 0 1 3 0
TIOVERLAP 291 { 117 118 0 0 0 0 0 0 0 0 0 0 0 0 0 0 0 0 0 0} 0 2 2 0
TIOVERLAP 292 { 117 118 273 0 0 0 0 0 0 0 0 0 0 0 0 0 0 0 0 0} 0 3 1 0
TIOVERLAP 293 { 117 118 273 293 0 0 0 0 0 0 0 0 0 0 0 0 0 0 0 0} 0 4 2 0
TIOVERLAP 294 { 117 273 0 0 0 0 0 0 0 0 0 0 0 0 0 0 0 0 0 0} 0 2 1 0
TIOVERLAP 295 { 117 273 293 0 0 0 0 0 0 0 0 0 0 0 0 0 0 0 0 0} 0 3 2 0
TIOVERLAP 296 { 117 273 293 294 0 0 0 0 0 0 0 0 0 0 0 0 0 0 0 0} 0 4 2 0
TIOVERLAP 297 { 117 273 294 0 0 0 0 0 0 0 0 0 0 0 0 0 0 0 0 0} 0 3 2 0
TIOVERLAP 298 { 117 294 0 0 0 0 0 0 0 0 0 0 0 0 0 0 0 0 0 0} 0 2 3 0
TIOVERLAP 299 { 118 0 0 0 0 0 0 0 0 0 0 0 0 0 0 0 0 0 0 0} 0 1 2 0
TIOVERLAP 300 { 118 119 0 0 0 0 0 0 0 0 0 0 0 0 0 0 0 0 0 0} 0 2 2 0
TIOVERLAP 301 { 118 119 272 0 0 0 0 0 0 0 0 0 0 0 0 0 0 0 0 0} 0 3 1 0
TIOVERLAP 302 { 118 119 272 292 0 0 0 0 0 0 0 0 0 0 0 0 0 0 0 0} 0 4 2 0
TIOVERLAP 303 { 118 119 272 292 293 0 0 0 0 0 0 0 0 0 0 0 0 0 0 0} 0 5 2 0
TIOVERLAP 304 { 118 119 272 293 0 0 0 0 0 0 0 0 0 0 0 0 0 0 0 0} 0 4 1 0
TIOVERLAP 305 { 118 119 292 0 0 0 0 0 0 0 0 0 0 0 0 0 0 0 0 0} 0 3 1 0
TIOVERLAP 306 { 118 272 0 0 0 0 0 0 0 0 0 0 0 0 0 0 0 0 0 0} 0 2 1 0
TIOVERLAP 307 { 118 272 273 293 0 0 0 0 0 0 0 0 0 0 0 0 0 0 0 0} 0 4 2 0
TIOVERLAP 308 { 118 272 292 293 0 0 0 0 0 0 0 0 0 0 0 0 0 0 0 0} 0 4 4 0
TIOVERLAP 309 { 118 272 293 0 0 0 0 0 0 0 0 0 0 0 0 0 0 0 0 0} 0 3 2 0
TIOVERLAP 310 { 118 293 0 0 0 0 0 0 0 0 0 0 0 0 0 0 0 0 0 0} 0 2 1 0
TIOVERLAP 311 { 119 0 0 0 0 0 0 0 0 0 0 0 0 0 0 0 0 0 0 0} 0 1 2 0
TIOVERLAP 312 { 119 120 0 0 0 0 0 0 0 0 0 0 0 0 0 0 0 0 0 0} 0 2 2 0
TIOVERLAP 313 { 119 120 121 0 0 0 0 0 0 0 0 0 0 0 0 0 0 0 0 0} 0 3 1 0
TIOVERLAP 314 { 119 120 271 0 0 0 0 0 0 0 0 0 0 0 0 0 0 0 0 0} 0 3 1 0
TIOVERLAP 315 { 119 120 271 291 0 0 0 0 0 0 0 0 0 0 0 0 0 0 0 0} 0 4 2 0
TIOVERLAP 316 { 119 120 271 291 292 0 0 0 0 0 0 0 0 0 0 0 0 0 0 0} 0 5 2 0
TIOVERLAP 317 { 119 120 271 292 0 0 0 0 0 0 0 0 0 0 0 0 0 0 0 0} 0 4 1 0
TIOVERLAP 318 { 119 271 272 292 0 0 0 0 0 0 0 0 0 0 0 0 0 0 0 0} 0 4 2 0
TIOVERLAP 319 { 119 271 291 292 0 0 0 0 0 0 0 0 0 0 0 0 0 0 0 0} 0 4 2 0
TIOVERLAP 320 { 119 271 292 0 0 0 0 0 0 0 0 0 0 0 0 0 0 0 0 0} 0 3 2 0
TIOVERLAP 321 { 119 272 292 0 0 0 0 0 0 0 0 0 0 0 0 0 0 0 0 0} 0 3 2 0
TIOVERLAP 322 { 119 272 292 293 0 0 0 0 0 0 0 0 0 0 0 0 0 0 0 0} 0 4 1 0
TIOVERLAP 323 { 119 292 0 0 0 0 0 0 0 0 0 0 0 0 0 0 0 0 0 0} 0 2 1 0
TIOVERLAP 324 { 120 0 0 0 0 0 0 0 0 0 0 0 0 0 0 0 0 0 0 0} 0 1 2 0
TIOVERLAP 325 { 120 121 0 0 0 0 0 0 0 0 0 0 0 0 0 0 0 0 0 0} 0 2 2 0
TIOVERLAP 326 { 120 121 269 270 0 0 0 0 0 0 0 0 0 0 0 0 0 0 0 0} 0 4 3 0
TIOVERLAP 327 { 120 121 269 270 291 0 0 0 0 0 0 0 0 0 0 0 0 0 0 0} 0 5 1 0
TIOVERLAP 328 { 120 121 270 0 0 0 0 0 0 0 0 0 0 0 0 0 0 0 0 0} 0 3 3 0
TIOVERLAP 329 { 120 121 270 271 291 0 0 0 0 0 0 0 0 0 0 0 0 0 0 0} 0 5 2 0
TIOVERLAP 330 { 120 121 270 291 0 0 0 0 0 0 0 0 0 0 0 0 0 0 0 0} 0 4 2 0
TIOVERLAP 331 { 120 270 271 291 0 0 0 0 0 0 0 0 0 0 0 0 0 0 0 0} 0 4 2 0
TIOVERLAP 332 { 120 270 291 0 0 0 0 0 0 0 0 0 0 0 0 0 0 0 0 0} 0 3 1 0
TIOVERLAP 333 { 120 271 291 0 0 0 0 0 0 0 0 0 0 0 0 0 0 0 0 0} 0 3 2 0
TIOVERLAP 334 { 120 271 291 292 0 0 0 0 0 0 0 0 0 0 0 0 0 0 0 0} 0 4 1 0
TIOVERLAP 335 { 121 0 0 0 0 0 0 0 0 0 0 0 0 0 0 0 0 0 0 0} 0 1 2 0
TIOVERLAP 336 { 121 122 0 0 0 0 0 0 0 0 0 0 0 0 0 0 0 0 0 0} 0 2 2 0
TIOVERLAP 337 { 121 122 269 0 0 0 0 0 0 0 0 0 0 0 0 0 0 0 0 0} 0 3 3 0
TIOVERLAP 338 { 121 122 269 270 0 0 0 0 0 0 0 0 0 0 0 0 0 0 0 0} 0 4 2 0
TIOVERLAP 339 { 121 269 0 0 0 0 0 0 0 0 0 0 0 0 0 0 0 0 0 0} 0 2 1 0
TIOVERLAP 340 { 121 269 270 0 0 0 0 0 0 0 0 0 0 0 0 0 0 0 0 0} 0 3 5 0
TIOVERLAP 341 { 121 269 270 291 0 0 0 0 0 0 0 0 0 0 0 0 0 0 0 0} 0 4 1 0
TIOVERLAP 342 { 121 270 0 0 0 0 0 0 0 0 0 0 0 0 0 0 0 0 0 0} 0 2 1 0
TIOVERLAP 343 { 121 270 291 0 0 0 0 0 0 0 0 0 0 0 0 0 0 0 0 0} 0 3 1 0
TIOVERLAP 344 { 122 0 0 0 0 0 0 0 0 0 0 0 0 0 0 0 0 0 0 0} 0 1 5 0
TIOVERLAP 345 { 122 267 0 0 0 0 0 0 0 0 0 0 0 0 0 0 0 0 0 0} 0 2 1 0
TIOVERLAP 346 { 122 267 268 0 0 0 0 0 0 0 0 0 0 0 0 0 0 0 0 0} 0 3 1 0
TIOVERLAP 347 { 122 267 268 269 0 0 0 0 0 0 0 0 0 0 0 0 0 0 0 0} 0 4 1 0
TIOVERLAP 348 { 122 267 269 0 0 0 0 0 0 0 0 0 0 0 0 0 0 0 0 0} 0 3 1 0
TIOVERLAP 349 { 122 268 0 0 0 0 0 0 0 0 0 0 0 0 0 0 0 0 0 0} 0 2 1 0
TIOVERLAP 350 { 122 268 269 0 0 0 0 0 0 0 0 0 0 0 0 0 0 0 0 0} 0 3 3 0
TIOVERLAP 351 { 122 269 0 0 0 0 0 0 0 0 0 0 0 0 0 0 0 0 0 0} 0 2 5 0
TIOVERLAP 352 { 122 269 270 0 0 0 0 0 0 0 0 0 0 0 0 0 0 0 0 0} 0 3 1 0
TIOVERLAP 353 { 125 0 0 0 0 0 0 0 0 0 0 0 0 0 0 0 0 0 0 0} 0 1 5 0
TIOVERLAP 354 { 125 126 0 0 0 0 0 0 0 0 0 0 0 0 0 0 0 0 0 0} 0 2 3 0
TIOVERLAP 355 { 126 0 0 0 0 0 0 0 0 0 0 0 0 0 0 0 0 0 0 0} 0 1 7 0
TIOVERLAP 356 { 126 127 0 0 0 0 0 0 0 0 0 0 0 0 0 0 0 0 0 0} 189.784022596 2 2 1
TIOVERLAP 357 { 127 0 0 0 0 0 0 0 0 0 0 0 0 0 0 0 0 0 0 0} 0 1 4 0
TIOVERLAP 358 { 127 128 0 0 0 0 0 0 0 0 0 0 0 0 0 0 0 0 0 0} 0 2 1 0
TIOVERLAP 359 { 128 0 0 0 0 0 0 0 0 0 0 0 0 0 0 0 0 0 0 0} 0 1 6 0
TIOVERLAP 360 { 128 129 0 0 0 0 0 0 0 0 0 0 0 0 0 0 0 0 0 0} 0 2 4 0
TIOVERLAP 361 { 129 0 0 0 0 0 0 0 0 0 0 0 0 0 0 0 0 0 0 0} 0 1 2 0
TIOVERLAP 362 { 129 130 0 0 0 0 0 0 0 0 0 0 0 0 0 0 0 0 0 0} 0 2 2 0
TIOVERLAP 363 { 130 0 0 0 0 0 0 0 0 0 0 0 0 0 0 0 0 0 0 0} 0 1 5 0
TIOVERLAP 364 { 130 131 0 0 0 0 0 0 0 0 0 0 0 0 0 0 0 0 0 0} 0 2 2 0
TIOVERLAP 365 { 131 0 0 0 0 0 0 0 0 0 0 0 0 0 0 0 0 0 0 0} 0 1 5 0
TIOVERLAP 366 { 131 132 0 0 0 0 0 0 0 0 0 0 0 0 0 0 0 0 0 0} 0 2 1 0
TIOVERLAP 367 { 132 0 0 0 0 0 0 0 0 0 0 0 0 0 0 0 0 0 0 0} 0 1 4 0
TIOVERLAP 368 { 132 133 0 0 0 0 0 0 0 0 0 0 0 0 0 0 0 0 0 0} 0 2 1 0
TIOVERLAP 369 { 133 0 0 0 0 0 0 0 0 0 0 0 0 0 0 0 0 0 0 0} 0 1 5 0
TIOVERLAP 370 { 133 134 0 0 0 0 0 0 0 0 0 0 0 0 0 0 0 0 0 0} 0 2 1 0
TIOVERLAP 371 { 134 0 0 0 0 0 0 0 0 0 0 0 0 0 0 0 0 0 0 0} 0 1 5 0
TIOVERLAP 372 { 134 135 0 0 0 0 0 0 0 0 0 0 0 0 0 0 0 0 0 0} 0 2 1 0
TIOVERLAP 373 { 135 0 0 0 0 0 0 0 0 0 0 0 0 0 0 0 0 0 0 0} 0 1 5 0
TIOVERLAP 374 { 135 136 0 0 0 0 0 0 0 0 0 0 0 0 0 0 0 0 0 0} 0 2 2 0
TIOVERLAP 375 { 136 0 0 0 0 0 0 0 0 0 0 0 0 0 0 0 0 0 0 0} 0 1 4 0
TIOVERLAP 376 { 136 137 0 0 0 0 0 0 0 0 0 0 0 0 0 0 0 0 0 0} 0 2 2 0
TIOVERLAP 377 { 137 0 0 0 0 0 0 0 0 0 0 0 0 0 0 0 0 0 0 0} 0 1 5 0
TIOVERLAP 378 { 137 138 0 0 0 0 0 0 0 0 0 0 0 0 0 0 0 0 0 0} 0 2 2 0
TIOVERLAP 379 { 138 0 0 0 0 0 0 0 0 0 0 0 0 0 0 0 0 0 0 0} 0 1 5 0
TIOVERLAP 380 { 138 139 0 0 0 0 0 0 0 0 0 0 0 0 0 0 0 0 0 0} 0 2 2 0
TIOVERLAP 381 { 139 0 0 0 0 0 0 0 0 0 0 0 0 0 0 0 0 0 0 0} 0 1 3 0
TIOVERLAP 382 { 139 140 0 0 0 0 0 0 0 0 0 0 0 0 0 0 0 0 0 0} 0 2 2 0
TIOVERLAP 383 { 140 0 0 0 0 0 0 0 0 0 0 0 0 0 0 0 0 0 0 0} 0 1 7 0
TIOVERLAP 384 { 141 0 0 0 0 0 0 0 0 0 0 0 0 0 0 0 0 0 0 0} 0 1 1 0
TIOVERLAP 385 { 141 142 0 0 0 0 0 0 0 0 0 0 0 0 0 0 0 0 0 0} 0 2 1 0
TIOVERLAP 386 { 142 0 0 0 0 0 0 0 0 0 0 0 0 0 0 0 0 0 0 0} 0 1 1 0
TIOVERLAP 387 { 142 143 0 0 0 0 0 0 0 0 0 0 0 0 0 0 0 0 0 0} 0 2 1 0
TIOVERLAP 388 { 143 0 0 0 0 0 0 0 0 0 0 0 0 0 0 0 0 0 0 0} 0 1 1 0
TIOVERLAP 389 { 143 144 0 0 0 0 0 0 0 0 0 0 0 0 0 0 0 0 0 0} 0 2 1 0
TIOVERLAP 390 { 144 0 0 0 0 0 0 0 0 0 0 0 0 0 0 0 0 0 0 0} 0 1 1 0
TIOVERLAP 391 { 144 145 0 0 0 0 0 0 0 0 0 0 0 0 0 0 0 0 0 0} 0 2 1 0
TIOVERLAP 392 { 145 0 0 0 0 0 0 0 0 0 0 0 0 0 0 0 0 0 0 0} 0 1 1 0
TIOVERLAP 393 { 145 146 0 0 0 0 0 0 0 0 0 0 0 0 0 0 0 0 0 0} 0 2 1 0
TIOVERLAP 394 { 146 0 0 0 0 0 0 0 0 0 0 0 0 0 0 0 0 0 0 0} 0 1 1 0
TIOVERLAP 395 { 146 147 0 0 0 0 0 0 0 0 0 0 0 0 0 0 0 0 0 0} 0 2 1 0
TIOVERLAP 396 { 147 0 0 0 0 0 0 0 0 0 0 0 0 0 0 0 0 0 0 0} 0 1 2 0
TIOVERLAP 397 { 148 0 0 0 0 0 0 0 0 0 0 0 0 0 0 0 0 0 0 0} 189.784022596 1 2 1
TIOVERLAP 398 { 148 149 0 0 0 0 0 0 0 0 0 0 0 0 0 0 0 0 0 0} 0 2 2 0
TIOVERLAP 399 { 148 149 151 0 0 0 0 0 0 0 0 0 0 0 0 0 0 0 0 0} 0 3 1 0
TIOVERLAP 400 { 148 150 0 0 0 0 0 0 0 0 0 0 0 0 0 0 0 0 0 0} 0 2 1 0
TIOVERLAP 401 { 148 150 151 0 0 0 0 0 0 0 0 0 0 0 0 0 0 0 0 0} 0 3 1 0
TIOVERLAP 402 { 148 151 0 0 0 0 0 0 0 0 0 0 0 0 0 0 0 0 0 0} 0 2 2 0
TIOVERLAP 403 { 149 0 0 0 0 0 0 0 0 0 0 0 0 0 0 0 0 0 0 0} 0 1 3 0
TIOVERLAP 404 { 149 151 0 0 0 0 0 0 0 0 0 0 0 0 0 0 0 0 0 0} 0 2 1 0
TIOVERLAP 405 { 150 0 0 0 0 0 0 0 0 0 0 0 0 0 0 0 0 0 0 0} 0 1 2 0
TIOVERLAP 406 { 150 151 0 0 0 0 0 0 0 0 0 0 0 0 0 0 0 0 0 0} 0 2 2 0
TIOVERLAP 407 { 150 151 153 0 0 0 0 0 0 0 0 0 0 0 0 0 0 0 0 0} 0 3 1 0
TIOVERLAP 408 { 150 152 0 0 0 0 0 0 0 0 0 0 0 0 0 0 0 0 0 0} 0 2 1 0
TIOVERLAP 409 { 150 152 153 0 0 0 0 0 0 0 0 0 0 0 0 0 0 0 0 0} 0 3 1 0
TIOVERLAP 410 { 150 153 0 0 0 0 0 0 0 0 0 0 0 0 0 0 0 0 0 0} 0 2 2 0
TIOVERLAP 411 { 151 0 0 0 0 0 0 0 0 0 0 0 0 0 0 0 0 0 0 0} 0 1 2 0
TIOVERLAP 412 { 151 153 0 0 0 0 0 0 0 0 0 0 0 0 0 0 0 0 0 0} 0 2 1 0
TIOVERLAP 413 { 152 0 0 0 0 0 0 0 0 0 0 0 0 0 0 0 0 0 0 0} 0 1 2 0
TIOVERLAP 414 { 152 153 0 0 0 0 0 0 0 0 0 0 0 0 0 0 0 0 0 0} 0 2 2 0
TIOVERLAP 415 { 152 153 155 0 0 0 0 0 0 0 0 0 0 0 0 0 0 0 0 0} 0 3 1 0
TIOVERLAP 416 { 152 154 0 0 0 0 0 0 0 0 0 0 0 0 0 0 0 0 0 0} 0 2 1 0
TIOVERLAP 417 { 152 154 155 0 0 0 0 0 0 0 0 0 0 0 0 0 0 0 0 0} 0 3 1 0
TIOVERLAP 418 { 152 155 0 0 0 0 0 0 0 0 0 0 0 0 0 0 0 0 0 0} 0 2 2 0
TIOVERLAP 419 { 153 0 0 0 0 0 0 0 0 0 0 0 0 0 0 0 0 0 0 0} 0 1 2 0
TIOVERLAP 420 { 153 155 0 0 0 0 0 0 0 0 0 0 0 0 0 0 0 0 0 0} 0 2 1 0
TIOVERLAP 421 { 154 0 0 0 0 0 0 0 0 0 0 0 0 0 0 0 0 0 0 0} 0 1 2 0
TIOVERLAP 422 { 154 155 0 0 0 0 0 0 0 0 0 0 0 0 0 0 0 0 0 0} 0 2 2 0
TIOVERLAP 423 { 154 155 157 0 0 0 0 0 0 0 0 0 0 0 0 0 0 0 0 0} 0 3 1 0
TIOVERLAP 424 { 154 156 0 0 0 0 0 0 0 0 0 0 0 0 0 0 0 0 0 0} 0 2 1 0
TIOVERLAP 425 { 154 156 157 0 0 0 0 0 0 0 0 0 0 0 0 0 0 0 0 0} 0 3 1 0
TIOVERLAP 426 { 154 157 0 0 0 0 0 0 0 0 0 0 0 0 0 0 0 0 0 0} 0 2 2 0
TIOVERLAP 427 { 155 0 0 0 0 0 0 0 0 0 0 0 0 0 0 0 0 0 0 0} 0 1 2 0
TIOVERLAP 428 { 155 157 0 0 0 0 0 0 0 0 0 0 0 0 0 0 0 0 0 0} 0 2 1 0
TIOVERLAP 429 { 156 0 0 0 0 0 0 0 0 0 0 0 0 0 0 0 0 0 0 0} 0 1 2 0
TIOVERLAP 430 { 156 157 0 0 0 0 0 0 0 0 0 0 0 0 0 0 0 0 0 0} 0 2 2 0
TIOVERLAP 431 { 156 157 159 0 0 0 0 0 0 0 0 0 0 0 0 0 0 0 0 0} 0 3 1 0
TIOVERLAP 432 { 156 158 0 0 0 0 0 0 0 0 0 0 0 0 0 0 0 0 0 0} 0 2 1 0
TIOVERLAP 433 { 156 158 159 0 0 0 0 0 0 0 0 0 0 0 0 0 0 0 0 0} 0 3 1 0
TIOVERLAP 434 { 156 159 0 0 0 0 0 0 0 0 0 0 0 0 0 0 0 0 0 0} 0 2 2 0
TIOVERLAP 435 { 157 0 0 0 0 0 0 0 0 0 0 0 0 0 0 0 0 0 0 0} 0 1 2 0
TIOVERLAP 436 { 157 159 0 0 0 0 0 0 0 0 0 0 0 0 0 0 0 0 0 0} 0 2 1 0
TIOVERLAP 437 { 158 0 0 0 0 0 0 0 0 0 0 0 0 0 0 0 0 0 0 0} 0 1 1 0
TIOVERLAP 438 { 158 159 0 0 0 0 0 0 0 0 0 0 0 0 0 0 0 0 0 0} 0 2 2 0
TIOVERLAP 439 { 159 0 0 0 0 0 0 0 0 0 0 0 0 0 0 0 0 0 0 0} 0 1 2 0
TIOVERLAP 440 { 160 0 0 0 0 0 0 0 0 0 0 0 0 0 0 0 0 0 0 0} 0 1 7 0
TIOVERLAP 441 { 160 161 0 0 0 0 0 0 0 0 0 0 0 0 0 0 0 0 0 0} 0 2 7 0
TIOVERLAP 442 { 161 0 0 0 0 0 0 0 0 0 0 0 0 0 0 0 0 0 0 0} 0 1 7 0
TIOVERLAP 443 { 161 162 0 0 0 0 0 0 0 0 0 0 0 0 0 0 0 0 0 0} 0 2 6 0
TIOVERLAP 444 { 162 0 0 0 0 0 0 0 0 0 0 0 0 0 0 0 0 0 0 0} 0 1 7 0
TIOVERLAP 445 { 162 163 0 0 0 0 0 0 0 0 0 0 0 0 0 0 0 0 0 0} 189.784022596 2 7 1
TIOVERLAP 446 { 163 0 0 0 0 0 0 0 0 0 0 0 0 0 0 0 0 0 0 0} 0 1 7 0
TIOVERLAP 447 { 163 164 0 0 0 0 0 0 0 0 0 0 0 0 0 0 0 0 0 0} 0 2 7 0
TIOVERLAP 448 { 164 0 0 0 0 0 0 0 0 0 0 0 0 0 0 0 0 0 0 0} 0 1 7 0
TIOVERLAP 449 { 164 165 0 0 0 0 0 0 0 0 0 0 0 0 0 0 0 0 0 0} 0 2 7 0
TIOVERLAP 450 { 165 0 0 0 0 0 0 0 0 0 0 0 0 0 0 0 0 0 0 0} 0 1 7 0
TIOVERLAP 451 { 165 166 0 0 0 0 0 0 0 0 0 0 0 0 0 0 0 0 0 0} 0 2 7 0
TIOVERLAP 452 { 166 0 0 0 0 0 0 0 0 0 0 0 0 0 0 0 0 0 0 0} 0 1 7 0
TIOVERLAP 453 { 166 167 0 0 0 0 0 0 0 0 0 0 0 0 0 0 0 0 0 0} 0 2 7 0
TIOVERLAP 454 { 167 0 0 0 0 0 0 0 0 0 0 0 0 0 0 0 0 0 0 0} 0 1 7 0
TIOVERLAP 455 { 167 168 0 0 0 0 0 0 0 0 0 0 0 0 0 0 0 0 0 0} 0 2 7 0
TIOVERLAP 456 { 168 0 0 0 0 0 0 0 0 0 0 0 0 0 0 0 0 0 0 0} 0 1 7 0
TIOVERLAP 457 { 168 169 0 0 0 0 0 0 0 0 0 0 0 0 0 0 0 0 0 0} 0 2 6 0
TIOVERLAP 458 { 169 0 0 0 0 0 0 0 0 0 0 0 0 0 0 0 0 0 0 0} 0 1 7 0
TIOVERLAP 459 { 169 170 0 0 0 0 0 0 0 0 0 0 0 0 0 0 0 0 0 0} 0 2 6 0
TIOVERLAP 460 { 170 0 0 0 0 0 0 0 0 0 0 0 0 0 0 0 0 0 0 0} 0 1 7 0
TIOVERLAP 461 { 170 171 0 0 0 0 0 0 0 0 0 0 0 0 0 0 0 0 0 0} 0 2 7 0
TIOVERLAP 462 { 171 0 0 0 0 0 0 0 0 0 0 0 0 0 0 0 0 0 0 0} 0 1 7 0
TIOVERLAP 463 { 171 172 0 0 0 0 0 0 0 0 0 0 0 0 0 0 0 0 0 0} 0 2 6 0
TIOVERLAP 464 { 172 0 0 0 0 0 0 0 0 0 0 0 0 0 0 0 0 0 0 0} 0 1 9 0
TIOVERLAP 465 { 172 173 0 0 0 0 0 0 0 0 0 0 0 0 0 0 0 0 0 0} 0 2 6 0
TIOVERLAP 466 { 173 0 0 0 0 0 0 0 0 0 0 0 0 0 0 0 0 0 0 0} 0 1 1 0
TIOVERLAP 467 { 173 174 0 0 0 0 0 0 0 0 0 0 0 0 0 0 0 0 0 0} 0 2 1 0
TIOVERLAP 468 { 174 0 0 0 0 0 0 0 0 0 0 0 0 0 0 0 0 0 0 0} 0 1 1 0
TIOVERLAP 469 { 174 175 0 0 0 0 0 0 0 0 0 0 0 0 0 0 0 0 0 0} 0 2 1 0
TIOVERLAP 470 { 175 0 0 0 0 0 0 0 0 0 0 0 0 0 0 0 0 0 0 0} 0 1 1 0
TIOVERLAP 471 { 175 176 0 0 0 0 0 0 0 0 0 0 0 0 0 0 0 0 0 0} 0 2 1 0
TIOVERLAP 472 { 176 0 0 0 0 0 0 0 0 0 0 0 0 0 0 0 0 0 0 0} 0 1 1 0
TIOVERLAP 473 { 176 177 0 0 0 0 0 0 0 0 0 0 0 0 0 0 0 0 0 0} 0 2 1 0
TIOVERLAP 474 { 177 0 0 0 0 0 0 0 0 0 0 0 0 0 0 0 0 0 0 0} 0 1 1 0
TIOVERLAP 475 { 177 178 0 0 0 0 0 0 0 0 0 0 0 0 0 0 0 0 0 0} 0 2 1 0
TIOVERLAP 476 { 178 0 0 0 0 0 0 0 0 0 0 0 0 0 0 0 0 0 0 0} 0 1 1 0
TIOVERLAP 477 { 178 179 0 0 0 0 0 0 0 0 0 0 0 0 0 0 0 0 0 0} 0 2 1 0
TIOVERLAP 478 { 179 0 0 0 0 0 0 0 0 0 0 0 0 0 0 0 0 0 0 0} 0 1 1 0
TIOVERLAP 479 { 179 180 0 0 0 0 0 0 0 0 0 0 0 0 0 0 0 0 0 0} 0 2 1 0
TIOVERLAP 480 { 180 0 0 0 0 0 0 0 0 0 0 0 0 0 0 0 0 0 0 0} 0 1 1 0
TIOVERLAP 481 { 180 181 0 0 0 0 0 0 0 0 0 0 0 0 0 0 0 0 0 0} 0 2 1 0
TIOVERLAP 482 { 181 0 0 0 0 0 0 0 0 0 0 0 0 0 0 0 0 0 0 0} 0 1 1 0
TIOVERLAP 483 { 181 182 0 0 0 0 0 0 0 0 0 0 0 0 0 0 0 0 0 0} 0 2 1 0
TIOVERLAP 484 { 182 0 0 0 0 0 0 0 0 0 0 0 0 0 0 0 0 0 0 0} 0 1 1 0
TIOVERLAP 485 { 182 183 0 0 0 0 0 0 0 0 0 0 0 0 0 0 0 0 0 0} 0 2 1 0
TIOVERLAP 486 { 183 0 0 0 0 0 0 0 0 0 0 0 0 0 0 0 0 0 0 0} 0 1 1 0
TIOVERLAP 487 { 183 184 0 0 0 0 0 0 0 0 0 0 0 0 0 0 0 0 0 0} 0 2 1 0
TIOVERLAP 488 { 184 0 0 0 0 0 0 0 0 0 0 0 0 0 0 0 0 0 0 0} 0 1 1 0
TIOVERLAP 489 { 184 185 0 0 0 0 0 0 0 0 0 0 0 0 0 0 0 0 0 0} 189.784022596 2 1 1
TIOVERLAP 490 { 185 0 0 0 0 0 0 0 0 0 0 0 0 0 0 0 0 0 0 0} 0 1 1 0
TIOVERLAP 491 { 185 186 0 0 0 0 0 0 0 0 0 0 0 0 0 0 0 0 0 0} 0 2 1 0
TIOVERLAP 492 { 186 0 0 0 0 0 0 0 0 0 0 0 0 0 0 0 0 0 0 0} 0 1 1 0
TIOVERLAP 493 { 186 187 0 0 0 0 0 0 0 0 0 0 0 0 0 0 0 0 0 0} 0 2 1 0
TIOVERLAP 494 { 187 0 0 0 0 0 0 0 0 0 0 0 0 0 0 0 0 0 0 0} 0 1 1 0
TIOVERLAP 495 { 187 188 0 0 0 0 0 0 0 0 0 0 0 0 0 0 0 0 0 0} 0 2 1 0
TIOVERLAP 496 { 188 0 0 0 0 0 0 0 0 0 0 0 0 0 0 0 0 0 0 0} 0 1 1 0
TIOVERLAP 497 { 188 189 0 0 0 0 0 0 0 0 0 0 0 0 0 0 0 0 0 0} 0 2 1 0
TIOVERLAP 498 { 189 0 0 0 0 0 0 0 0 0 0 0 0 0 0 0 0 0 0 0} 0 1 1 0
TIOVERLAP 499 { 189 190 0 0 0 0 0 0 0 0 0 0 0 0 0 0 0 0 0 0} 0 2 1 0
TIOVERLAP 500 { 190 0 0 0 0 0 0 0 0 0 0 0 0 0 0 0 0 0 0 0} 0 1 1 0
TIOVERLAP 501 { 190 191 0 0 0 0 0 0 0 0 0 0 0 0 0 0 0 0 0 0} 0 2 1 0
TIOVERLAP 502 { 191 0 0 0 0 0 0 0 0 0 0 0 0 0 0 0 0 0 0 0} 0 1 1 0
TIOVERLAP 503 { 191 192 0 0 0 0 0 0 0 0 0 0 0 0 0 0 0 0 0 0} 0 2 1 0
TIOVERLAP 504 { 192 0 0 0 0 0 0 0 0 0 0 0 0 0 0 0 0 0 0 0} 0 1 1 0
TIOVERLAP 505 { 192 193 0 0 0 0 0 0 0 0 0 0 0 0 0 0 0 0 0 0} 0 2 1 0
TIOVERLAP 506 { 193 0 0 0 0 0 0 0 0 0 0 0 0 0 0 0 0 0 0 0} 0 1 1 0
TIOVERLAP 507 { 193 194 0 0 0 0 0 0 0 0 0 0 0 0 0 0 0 0 0 0} 0 2 1 0
TIOVERLAP 508 { 194 0 0 0 0 0 0 0 0 0 0 0 0 0 0 0 0 0 0 0} 0 1 1 0
TIOVERLAP 509 { 194 195 0 0 0 0 0 0 0 0 0 0 0 0 0 0 0 0 0 0} 0 2 1 0
TIOVERLAP 510 { 195 0 0 0 0 0 0 0 0 0 0 0 0 0 0 0 0 0 0 0} 0 1 1 0
TIOVERLAP 511 { 195 196 0 0 0 0 0 0 0 0 0 0 0 0 0 0 0 0 0 0} 0 2 1 0
TIOVERLAP 512 { 196 0 0 0 0 0 0 0 0 0 0 0 0 0 0 0 0 0 0 0} 0 1 1 0
TIOVERLAP 513 { 196 197 0 0 0 0 0 0 0 0 0 0 0 0 0 0 0 0 0 0} 0 2 1 0
TIOVERLAP 514 { 197 0 0 0 0 0 0 0 0 0 0 0 0 0 0 0 0 0 0 0} 0 1 1 0
TIOVERLAP 515 { 197 198 0 0 0 0 0 0 0 0 0 0 0 0 0 0 0 0 0 0} 0 2 1 0
TIOVERLAP 516 { 198 0 0 0 0 0 0 0 0 0 0 0 0 0 0 0 0 0 0 0} 0 1 1 0
TIOVERLAP 517 { 198 199 0 0 0 0 0 0 0 0 0 0 0 0 0 0 0 0 0 0} 0 2 1 0
TIOVERLAP 518 { 199 0 0 0 0 0 0 0 0 0 0 0 0 0 0 0 0 0 0 0} 0 1 1 0
TIOVERLAP 519 { 199 200 0 0 0 0 0 0 0 0 0 0 0 0 0 0 0 0 0 0} 0 2 1 0
TIOVERLAP 520 { 200 0 0 0 0 0 0 0 0 0 0 0 0 0 0 0 0 0 0 0} 0 1 1 0
TIOVERLAP 521 { 200 201 0 0 0 0 0 0 0 0 0 0 0 0 0 0 0 0 0 0} 0 2 1 0
TIOVERLAP 522 { 201 0 0 0 0 0 0 0 0 0 0 0 0 0 0 0 0 0 0 0} 0 1 1 0
TIOVERLAP 523 { 201 202 0 0 0 0 0 0 0 0 0 0 0 0 0 0 0 0 0 0} 0 2 1 0
TIOVERLAP 524 { 202 0 0 0 0 0 0 0 0 0 0 0 0 0 0 0 0 0 0 0} 0 1 1 0
TIOVERLAP 525 { 202 203 0 0 0 0 0 0 0 0 0 0 0 0 0 0 0 0 0 0} 0 2 1 0
TIOVERLAP 526 { 203 0 0 0 0 0 0 0 0 0 0 0 0 0 0 0 0 0 0 0} 0 1 1 0
TIOVERLAP 527 { 203 204 0 0 0 0 0 0 0 0 0 0 0 0 0 0 0 0 0 0} 0 2 1 0
TIOVERLAP 528 { 204 0 0 0 0 0 0 0 0 0 0 0 0 0 0 0 0 0 0 0} 0 1 1 0
TIOVERLAP 529 { 204 205 0 0 0 0 0 0 0 0 0 0 0 0 0 0 0 0 0 0} 0 2 1 0
TIOVERLAP 530 { 205 0 0 0 0 0 0 0 0 0 0 0 0 0 0 0 0 0 0 0} 0 1 1 0
TIOVERLAP 531 { 206 0 0 0 0 0 0 0 0 0 0 0 0 0 0 0 0 0 0 0} 0 1 1 0
TIOVERLAP 532 { 206 207 0 0 0 0 0 0 0 0 0 0 0 0 0 0 0 0 0 0} 0 2 1 0
TIOVERLAP 533 { 207 0 0 0 0 0 0 0 0 0 0 0 0 0 0 0 0 0 0 0} 0 1 1 0
TIOVERLAP 534 { 207 208 0 0 0 0 0 0 0 0 0 0 0 0 0 0 0 0 0 0} 0 2 1 0
TIOVERLAP 535 { 208 0 0 0 0 0 0 0 0 0 0 0 0 0 0 0 0 0 0 0} 0 1 1 0
TIOVERLAP 536 { 208 209 0 0 0 0 0 0 0 0 0 0 0 0 0 0 0 0 0 0} 0 2 1 0
TIOVERLAP 537 { 209 0 0 0 0 0 0 0 0 0 0 0 0 0 0 0 0 0 0 0} 0 1 1 0
TIOVERLAP 538 { 209 210 0 0 0 0 0 0 0 0 0 0 0 0 0 0 0 0 0 0} 0 2 1 0
TIOVERLAP 539 { 210 0 0 0 0 0 0 0 0 0 0 0 0 0 0 0 0 0 0 0} 0 1 1 0
TIOVERLAP 540 { 210 211 0 0 0 0 0 0 0 0 0 0 0 0 0 0 0 0 0 0} 0 2 1 0
TIOVERLAP 541 { 211 0 0 0 0 0 0 0 0 0 0 0 0 0 0 0 0 0 0 0} 0 1 1 0
TIOVERLAP 542 { 211 212 0 0 0 0 0 0 0 0 0 0 0 0 0 0 0 0 0 0} 0 2 1 0
TIOVERLAP 543 { 212 0 0 0 0 0 0 0 0 0 0 0 0 0 0 0 0 0 0 0} 0 1 1 0
TIOVERLAP 544 { 212 213 0 0 0 0 0 0 0 0 0 0 0 0 0 0 0 0 0 0} 0 2 1 0
TIOVERLAP 545 { 213 0 0 0 0 0 0 0 0 0 0 0 0 0 0 0 0 0 0 0} 0 1 1 0
TIOVERLAP 546 { 213 214 0 0 0 0 0 0 0 0 0 0 0 0 0 0 0 0 0 0} 0 2 1 0
TIOVERLAP 547 { 214 0 0 0 0 0 0 0 0 0 0 0 0 0 0 0 0 0 0 0} 0 1 1 0
TIOVERLAP 548 { 214 215 0 0 0 0 0 0 0 0 0 0 0 0 0 0 0 0 0 0} 0 2 1 0
TIOVERLAP 549 { 215 0 0 0 0 0 0 0 0 0 0 0 0 0 0 0 0 0 0 0} 0 1 1 0
TIOVERLAP 550 { 215 216 0 0 0 0 0 0 0 0 0 0 0 0 0 0 0 0 0 0} 0 2 1 0
TIOVERLAP 551 { 216 0 0 0 0 0 0 0 0 0 0 0 0 0 0 0 0 0 0 0} 0 1 1 0
TIOVERLAP 552 { 216 217 0 0 0 0 0 0 0 0 0 0 0 0 0 0 0 0 0 0} 0 2 1 0
TIOVERLAP 553 { 217 0 0 0 0 0 0 0 0 0 0 0 0 0 0 0 0 0 0 0} 0 1 1 0
TIOVERLAP 554 { 217 218 0 0 0 0 0 0 0 0 0 0 0 0 0 0 0 0 0 0} 0 2 1 0
TIOVERLAP 555 { 218 0 0 0 0 0 0 0 0 0 0 0 0 0 0 0 0 0 0 0} 0 1 1 0
TIOVERLAP 556 { 218 219 0 0 0 0 0 0 0 0 0 0 0 0 0 0 0 0 0 0} 0 2 1 0
TIOVERLAP 557 { 219 0 0 0 0 0 0 0 0 0 0 0 0 0 0 0 0 0 0 0} 0 1 1 0
TIOVERLAP 558 { 220 0 0 0 0 0 0 0 0 0 0 0 0 0 0 0 0 0 0 0} 0 1 5 0
TIOVERLAP 559 { 220 221 0 0 0 0 0 0 0 0 0 0 0 0 0 0 0 0 0 0} 0 2 2 0
TIOVERLAP 560 { 220 222 0 0 0 0 0 0 0 0 0 0 0 0 0 0 0 0 0 0} 0 2 2 0
TIOVERLAP 561 { 220 222 223 0 0 0 0 0 0 0 0 0 0 0 0 0 0 0 0 0} 0 3 1 0
TIOVERLAP 562 { 220 222 335 0 0 0 0 0 0 0 0 0 0 0 0 0 0 0 0 0} 0 3 1 0
TIOVERLAP 563 { 220 223 0 0 0 0 0 0 0 0 0 0 0 0 0 0 0 0 0 0} 0 2 2 0
TIOVERLAP 564 { 220 334 0 0 0 0 0 0 0 0 0 0 0 0 0 0 0 0 0 0} 0 2 1 0
TIOVERLAP 565 { 220 334 335 0 0 0 0 0 0 0 0 0 0 0 0 0 0 0 0 0} 0 3 1 0
TIOVERLAP 566 { 220 335 0 0 0 0 0 0 0 0 0 0 0 0 0 0 0 0 0 0} 0 2 1 0
TIOVERLAP 567 { 221 0 0 0 0 0 0 0 0 0 0 0 0 0 0 0 0 0 0 0} 0 1 3 0
TIOVERLAP 568 { 221 223 0 0 0 0 0 0 0 0 0 0 0 0 0 0 0 0 0 0} 0 2 1 0
TIOVERLAP 569 { 222 0 0 0 0 0 0 0 0 0 0 0 0 0 0 0 0 0 0 0} 0 1 5 0
TIOVERLAP 570 { 222 223 0 0 0 0 0 0 0 0 0 0 0 0 0 0 0 0 0 0} 0 2 2 0
TIOVERLAP 571 { 222 224 0 0 0 0 0 0 0 0 0 0 0 0 0 0 0 0 0 0} 0 2 2 0
TIOVERLAP 572 { 222 224 225 0 0 0 0 0 0 0 0 0 0 0 0 0 0 0 0 0} 0 3 1 0
TIOVERLAP 573 { 222 224 336 0 0 0 0 0 0 0 0 0 0 0 0 0 0 0 0 0} 0 3 1 0
TIOVERLAP 574 { 222 225 0 0 0 0 0 0 0 0 0 0 0 0 0 0 0 0 0 0} 0 2 2 0
TIOVERLAP 575 { 222 335 0 0 0 0 0 0 0 0 0 0 0 0 0 0 0 0 0 0} 0 2 1 0
TIOVERLAP 576 { 222 335 336 0 0 0 0 0 0 0 0 0 0 0 0 0 0 0 0 0} 0 3 1 0
TIOVERLAP 577 { 222 336 0 0 0 0 0 0 0 0 0 0 0 0 0 0 0 0 0 0} 0 2 1 0
TIOVERLAP 578 { 223 0 0 0 0 0 0 0 0 0 0 0 0 0 0 0 0 0 0 0} 0 1 2 0
TIOVERLAP 579 { 223 225 0 0 0 0 0 0 0 0 0 0 0 0 0 0 0 0 0 0} 0 2 1 0
TIOVERLAP 580 { 224 0 0 0 0 0 0 0 0 0 0 0 0 0 0 0 0 0 0 0} 0 1 5 0
TIOVERLAP 581 { 224 225 0 0 0 0 0 0 0 0 0 0 0 0 0 0 0 0 0 0} 0 2 2 0
TIOVERLAP 582 { 224 225 227 0 0 0 0 0 0 0 0 0 0 0 0 0 0 0 0 0} 0 3 1 0
TIOVERLAP 583 { 224 226 0 0 0 0 0 0 0 0 0 0 0 0 0 0 0 0 0 0} 0 2 2 0
TIOVERLAP 584 { 224 226 227 0 0 0 0 0 0 0 0 0 0 0 0 0 0 0 0 0} 0 3 1 0
TIOVERLAP 585 { 224 227 0 0 0 0 0 0 0 0 0 0 0 0 0 0 0 0 0 0} 0 2 2 0
TIOVERLAP 586 { 224 336 0 0 0 0 0 0 0 0 0 0 0 0 0 0 0 0 0 0} 0 2 1 0
TIOVERLAP 587 { 224 336 337 0 0 0 0 0 0 0 0 0 0 0 0 0 0 0 0 0} 0 3 1 0
TIOVERLAP 588 { 224 337 0 0 0 0 0 0 0 0 0 0 0 0 0 0 0 0 0 0} 0 2 1 0
TIOVERLAP 589 { 225 0 0 0 0 0 0 0 0 0 0 0 0 0 0 0 0 0 0 0} 0 1 2 0
TIOVERLAP 590 { 225 227 0 0 0 0 0 0 0 0 0 0 0 0 0 0 0 0 0 0} 0 2 1 0
TIOVERLAP 591 { 226 0 0 0 0 0 0 0 0 0 0 0 0 0 0 0 0 0 0 0} 0 1 7 0
TIOVERLAP 592 { 226 227 0 0 0 0 0 0 0 0 0 0 0 0 0 0 0 0 0 0} 0 2 2 0
TIOVERLAP 593 { 226 227 229 0 0 0 0 0 0 0 0 0 0 0 0 0 0 0 0 0} 0 3 1 0
TIOVERLAP 594 { 226 228 0 0 0 0 0 0 0 0 0 0 0 0 0 0 0 0 0 0} 0 2 3 0
TIOVERLAP 595 { 226 228 229 0 0 0 0 0 0 0 0 0 0 0 0 0 0 0 0 0} 0 3 1 0
TIOVERLAP 596 { 226 228 338 339 0 0 0 0 0 0 0 0 0 0 0 0 0 0 0 0} 0 4 1 0
TIOVERLAP 597 { 226 228 339 0 0 0 0 0 0 0 0 0 0 0 0 0 0 0 0 0} 0 3 1 0
TIOVERLAP 598 { 226 229 0 0 0 0 0 0 0 0 0 0 0 0 0 0 0 0 0 0} 0 2 2 0
TIOVERLAP 599 { 226 337 0 0 0 0 0 0 0 0 0 0 0 0 0 0 0 0 0 0} 0 2 1 0
TIOVERLAP 600 { 226 337 338 0 0 0 0 0 0 0 0 0 0 0 0 0 0 0 0 0} 0 3 1 0
TIOVERLAP 601 { 226 338 0 0 0 0 0 0 0 0 0 0 0 0 0 0 0 0 0 0} 0 2 1 0
TIOVERLAP 602 { 226 338 339 0 0 0 0 0 0 0 0 0 0 0 0 0 0 0 0 0} 0 3 1 0
TIOVERLAP 603 { 227 0 0 0 0 0 0 0 0 0 0 0 0 0 0 0 0 0 0 0} 0 1 2 0
TIOVERLAP 604 { 227 229 0 0 0 0 0 0 0 0 0 0 0 0 0 0 0 0 0 0} 0 2 1 0
TIOVERLAP 605 { 228 0 0 0 0 0 0 0 0 0 0 0 0 0 0 0 0 0 0 0} 0 1 5 0
TIOVERLAP 606 { 228 229 0 0 0 0 0 0 0 0 0 0 0 0 0 0 0 0 0 0} 0 2 2 0
TIOVERLAP 607 { 228 229 231 0 0 0 0 0 0 0 0 0 0 0 0 0 0 0 0 0} 0 3 1 0
TIOVERLAP 608 { 228 230 0 0 0 0 0 0 0 0 0 0 0 0 0 0 0 0 0 0} 0 2 2 0
TIOVERLAP 609 { 228 230 231 0 0 0 0 0 0 0 0 0 0 0 0 0 0 0 0 0} 0 3 1 0
TIOVERLAP 610 { 228 230 340 0 0 0 0 0 0 0 0 0 0 0 0 0 0 0 0 0} 0 3 1 0
TIOVERLAP 611 { 228 231 0 0 0 0 0 0 0 0 0 0 0 0 0 0 0 0 0 0} 0 2 2 0
TIOVERLAP 612 { 228 338 339 0 0 0 0 0 0 0 0 0 0 0 0 0 0 0 0 0} 0 3 1 0
TIOVERLAP 613 { 228 339 0 0 0 0 0 0 0 0 0 0 0 0 0 0 0 0 0 0} 0 2 1 0
TIOVERLAP 614 { 228 339 340 0 0 0 0 0 0 0 0 0 0 0 0 0 0 0 0 0} 0 3 1 0
TIOVERLAP 615 { 228 340 0 0 0 0 0 0 0 0 0 0 0 0 0 0 0 0 0 0} 0 2 1 0
TIOVERLAP 616 { 229 0 0 0 0 0 0 0 0 0 0 0 0 0 0 0 0 0 0 0} 0 1 2 0
TIOVERLAP 617 { 229 231 0 0 0 0 0 0 0 0 0 0 0 0 0 0 0 0 0 0} 0 2 1 0
TIOVERLAP 618 { 230 0 0 0 0 0 0 0 0 0 0 0 0 0 0 0 0 0 0 0} 0 1 5 0
TIOVERLAP 619 { 230 231 0 0 0 0 0 0 0 0 0 0 0 0 0 0 0 0 0 0} 0 2 2 0
TIOVERLAP 620 { 230 231 233 0 0 0 0 0 0 0 0 0 0 0 0 0 0 0 0 0} 0 3 1 0
TIOVERLAP 621 { 230 232 0 0 0 0 0 0 0 0 0 0 0 0 0 0 0 0 0 0} 0 2 2 0
TIOVERLAP 622 { 230 232 233 0 0 0 0 0 0 0 0 0 0 0 0 0 0 0 0 0} 0 3 1 0
TIOVERLAP 623 { 230 232 341 0 0 0 0 0 0 0 0 0 0 0 0 0 0 0 0 0} 0 3 1 0
TIOVERLAP 624 { 230 233 0 0 0 0 0 0 0 0 0 0 0 0 0 0 0 0 0 0} 0 2 2 0
TIOVERLAP 625 { 230 340 0 0 0 0 0 0 0 0 0 0 0 0 0 0 0 0 0 0} 0 2 1 0
TIOVERLAP 626 { 230 340 341 0 0 0 0 0 0 0 0 0 0 0 0 0 0 0 0 0} 0 3 1 0
TIOVERLAP 627 { 230 341 0 0 0 0 0 0 0 0 0 0 0 0 0 0 0 0 0 0} 0 2 1 0
TIOVERLAP 628 { 231 0 0 0 0 0 0 0 0 0 0 0 0 0 0 0 0 0 0 0} 0 1 2 0
TIOVERLAP 629 { 231 233 0 0 0 0 0 0 0 0 0 0 0 0 0 0 0 0 0 0} 0 2 1 0
TIOVERLAP 630 { 232 0 0 0 0 0 0 0 0 0 0 0 0 0 0 0 0 0 0 0} 0 1 4 0
TIOVERLAP 631 { 232 233 0 0 0 0 0 0 0 0 0 0 0 0 0 0 0 0 0 0} 0 2 2 0
TIOVERLAP 632 { 232 233 235 0 0 0 0 0 0 0 0 0 0 0 0 0 0 0 0 0} 0 3 1 0
TIOVERLAP 633 { 232 234 0 0 0 0 0 0 0 0 0 0 0 0 0 0 0 0 0 0} 0 2 3 0
TIOVERLAP 634 { 232 234 235 0 0 0 0 0 0 0 0 0 0 0 0 0 0 0 0 0} 0 3 1 0
TIOVERLAP 635 { 232 234 342 0 0 0 0 0 0 0 0 0 0 0 0 0 0 0 0 0} 0 3 1 0
TIOVERLAP 636 { 232 235 0 0 0 0 0 0 0 0 0 0 0 0 0 0 0 0 0 0} 0 2 2 0
TIOVERLAP 637 { 232 341 0 0 0 0 0 0 0 0 0 0 0 0 0 0 0 0 0 0} 0 2 1 0
TIOVERLAP 638 { 232 342 0 0 0 0 0 0 0 0 0 0 0 0 0 0 0 0 0 0} 0 2 1 0
TIOVERLAP 639 { 233 0 0 0 0 0 0 0 0 0 0 0 0 0 0 0 0 0 0 0} 0 1 2 0
TIOVERLAP 640 { 233 235 0 0 0 0 0 0 0 0 0 0 0 0 0 0 0 0 0 0} 0 2 1 0
TIOVERLAP 641 { 234 0 0 0 0 0 0 0 0 0 0 0 0 0 0 0 0 0 0 0} 0 1 5 0
TIOVERLAP 642 { 234 235 0 0 0 0 0 0 0 0 0 0 0 0 0 0 0 0 0 0} 0 2 2 0
TIOVERLAP 643 { 234 235 237 0 0 0 0 0 0 0 0 0 0 0 0 0 0 0 0 0} 0 3 1 0
TIOVERLAP 644 { 234 236 0 0 0 0 0 0 0 0 0 0 0 0 0 0 0 0 0 0} 0 2 2 0
TIOVERLAP 645 { 234 236 237 0 0 0 0 0 0 0 0 0 0 0 0 0 0 0 0 0} 0 3 1 0
TIOVERLAP 646 { 234 236 343 0 0 0 0 0 0 0 0 0 0 0 0 0 0 0 0 0} 0 3 1 0
TIOVERLAP 647 { 234 237 0 0 0 0 0 0 0 0 0 0 0 0 0 0 0 0 0 0} 0 2 2 0
TIOVERLAP 648 { 234 342 0 0 0 0 0 0 0 0 0 0 0 0 0 0 0 0 0 0} 0 2 1 0
TIOVERLAP 649 { 234 342 343 0 0 0 0 0 0 0 0 0 0 0 0 0 0 0 0 0} 0 3 1 0
TIOVERLAP 650 { 234 343 0 0 0 0 0 0 0 0 0 0 0 0 0 0 0 0 0 0} 0 2 1 0
TIOVERLAP 651 { 235 0 0 0 0 0 0 0 0 0 0 0 0 0 0 0 0 0 0 0} 0 1 2 0
TIOVERLAP 652 { 235 237 0 0 0 0 0 0 0 0 0 0 0 0 0 0 0 0 0 0} 0 2 1 0
TIOVERLAP 653 { 236 0 0 0 0 0 0 0 0 0 0 0 0 0 0 0 0 0 0 0} 0 1 5 0
TIOVERLAP 654 { 236 237 0 0 0 0 0 0 0 0 0 0 0 0 0 0 0 0 0 0} 0 2 2 0
TIOVERLAP 655 { 236 237 239 0 0 0 0 0 0 0 0 0 0 0 0 0 0 0 0 0} 0 3 1 0
TIOVERLAP 656 { 236 238 0 0 0 0 0 0 0 0 0 0 0 0 0 0 0 0 0 0} 0 2 2 0
TIOVERLAP 657 { 236 238 239 0 0 0 0 0 0 0 0 0 0 0 0 0 0 0 0 0} 0 3 1 0
TIOVERLAP 658 { 236 238 344 0 0 0 0 0 0 0 0 0 0 0 0 0 0 0 0 0} 0 3 1 0
TIOVERLAP 659 { 236 239 0 0 0 0 0 0 0 0 0 0 0 0 0 0 0 0 0 0} 0 2 3 0
TIOVERLAP 660 { 236 343 0 0 0 0 0 0 0 0 0 0 0 0 0 0 0 0 0 0} 0 2 1 0
TIOVERLAP 661 { 236 343 344 0 0 0 0 0 0 0 0 0 0 0 0 0 0 0 0 0} 0 3 1 0
TIOVERLAP 662 { 236 344 0 0 0 0 0 0 0 0 0 0 0 0 0 0 0 0 0 0} 189.784022596 2 1 1
TIOVERLAP 663 { 237 0 0 0 0 0 0 0 0 0 0 0 0 0 0 0 0 0 0 0} 0 1 2 0
TIOVERLAP 664 { 237 239 0 0 0 0 0 0 0 0 0 0 0 0 0 0 0 0 0 0} 0 2 2 0
TIOVERLAP 665 { 238 0 0 0 0 0 0 0 0 0 0 0 0 0 0 0 0 0 0 0} 0 1 8 0
TIOVERLAP 666 { 238 239 0 0 0 0 0 0 0 0 0 0 0 0 0 0 0 0 0 0} 0 2 3 0
TIOVERLAP 667 { 238 239 274 0 0 0 0 0 0 0 0 0 0 0 0 0 0 0 0 0} 0 3 1 0
TIOVERLAP 668 { 238 240 0 0 0 0 0 0 0 0 0 0 0 0 0 0 0 0 0 0} 0 2 2 0
TIOVERLAP 669 { 238 240 345 0 0 0 0 0 0 0 0 0 0 0 0 0 0 0 0 0} 0 3 1 0
TIOVERLAP 670 { 238 274 0 0 0 0 0 0 0 0 0 0 0 0 0 0 0 0 0 0} 0 2 2 0
TIOVERLAP 671 { 238 344 0 0 0 0 0 0 0 0 0 0 0 0 0 0 0 0 0 0} 0 2 1 0
TIOVERLAP 672 { 238 344 345 0 0 0 0 0 0 0 0 0 0 0 0 0 0 0 0 0} 0 3 1 0
TIOVERLAP 673 { 238 345 0 0 0 0 0 0 0 0 0 0 0 0 0 0 0 0 0 0} 0 2 2 0
TIOVERLAP 674 { 239 0 0 0 0 0 0 0 0 0 0 0 0 0 0 0 0 0 0 0} 0 1 4 0
TIOVERLAP 675 { 239 274 0 0 0 0 0 0 0 0 0 0 0 0 0 0 0 0 0 0} 0 2 1 0
TIOVERLAP 676 { 240 0 0 0 0 0 0 0 0 0 0 0 0 0 0 0 0 0 0 0} 0 1 6 0
TIOVERLAP 677 { 240 241 0 0 0 0 0 0 0 0 0 0 0 0 0 0 0 0 0 0} 0 2 2 0
TIOVERLAP 678 { 240 241 275 0 0 0 0 0 0 0 0 0 0 0 0 0 0 0 0 0} 0 3 1 0
TIOVERLAP 679 { 240 241 347 0 0 0 0 0 0 0 0 0 0 0 0 0 0 0 0 0} 0 3 1 0
TIOVERLAP 680 { 240 275 0 0 0 0 0 0 0 0 0 0 0 0 0 0 0 0 0 0} 0 2 1 0
TIOVERLAP 681 { 240 345 0 0 0 0 0 0 0 0 0 0 0 0 0 0 0 0 0 0} 0 2 1 0
TIOVERLAP 682 { 240 345 346 0 0 0 0 0 0 0 0 0 0 0 0 0 0 0 0 0} 0 3 1 0
TIOVERLAP 683 { 240 346 0 0 0 0 0 0 0 0 0 0 0 0 0 0 0 0 0 0} 0 2 1 0
TIOVERLAP 684 { 240 346 347 0 0 0 0 0 0 0 0 0 0 0 0 0 0 0 0 0} 0 3 1 0
TIOVERLAP 685 { 240 347 0 0 0 0 0 0 0 0 0 0 0 0 0 0 0 0 0 0} 0 2 1 0
TIOVERLAP 686 { 241 0 0 0 0 0 0 0 0 0 0 0 0 0 0 0 0 0 0 0} 0 1 4 0
TIOVERLAP 687 { 241 242 0 0 0 0 0 0 0 0 0 0 0 0 0 0 0 0 0 0} 0 2 2 0
TIOVERLAP 688 { 241 242 276 0 0 0 0 0 0 0 0 0 0 0 0 0 0 0 0 0} 0 3 1 0
TIOVERLAP 689 { 241 242 348 0 0 0 0 0 0 0 0 0 0 0 0 0 0 0 0 0} 0 3 1 0
TIOVERLAP 690 { 241 275 0 0 0 0 0 0 0 0 0 0 0 0 0 0 0 0 0 0} 0 2 1 0
TIOVERLAP 691 { 241 275 276 0 0 0 0 0 0 0 0 0 0 0 0 0 0 0 0 0} 0 3 1 0
TIOVERLAP 692 { 241 276 0 0 0 0 0 0 0 0 0 0 0 0 0 0 0 0 0 0} 0 2 1 0
TIOVERLAP 693 { 241 347 0 0 0 0 0 0 0 0 0 0 0 0 0 0 0 0 0 0} 0 2 1 0
TIOVERLAP 694 { 241 347 348 0 0 0 0 0 0 0 0 0 0 0 0 0 0 0 0 0} 0 3 1 0
TIOVERLAP 695 { 241 348 0 0 0 0 0 0 0 0 0 0 0 0 0 0 0 0 0 0} 0 2 1 0
TIOVERLAP 696 { 242 0 0 0 0 0 0 0 0 0 0 0 0 0 0 0 0 0 0 0} 0 1 4 0
TIOVERLAP 697 { 242 276 0 0 0 0 0 0 0 0 0 0 0 0 0 0 0 0 0 0} 0 2 1 0
TIOVERLAP 698 { 242 276 277 0 0 0 0 0 0 0 0 0 0 0 0 0 0 0 0 0} 0 3 1 0
TIOVERLAP 699 { 242 277 0 0 0 0 0 0 0 0 0 0 0 0 0 0 0 0 0 0} 0 2 1 0
TIOVERLAP 700 { 242 348 0 0 0 0 0 0 0 0 0 0 0 0 0 0 0 0 0 0} 0 2 1 0
TIOVERLAP 701 { 242 348 349 0 0 0 0 0 0 0 0 0 0 0 0 0 0 0 0 0} 0 3 1 0
TIOVERLAP 702 { 242 349 0 0 0 0 0 0 0 0 0 0 0 0 0 0 0 0 0 0} 0 2 1 0
TIOVERLAP 703 { 243 0 0 0 0 0 0 0 0 0 0 0 0 0 0 0 0 0 0 0} 0 1 1 0
TIOVERLAP 704 { 243 244 0 0 0 0 0 0 0 0 0 0 0 0 0 0 0 0 0 0} 0 2 1 0
TIOVERLAP 705 { 244 0 0 0 0 0 0 0 0 0 0 0 0 0 0 0 0 0 0 0} 0 1 1 0
TIOVERLAP 706 { 244 245 0 0 0 0 0 0 0 0 0 0 0 0 0 0 0 0 0 0} 0 2 1 0
TIOVERLAP 707 { 245 0 0 0 0 0 0 0 0 0 0 0 0 0 0 0 0 0 0 0} 0 1 1 0
TIOVERLAP 708 { 245 246 0 0 0 0 0 0 0 0 0 0 0 0 0 0 0 0 0 0} 0 2 1 0
TIOVERLAP 709 { 246 0 0 0 0 0 0 0 0 0 0 0 0 0 0 0 0 0 0 0} 0 1 1 0
TIOVERLAP 710 { 246 247 0 0 0 0 0 0 0 0 0 0 0 0 0 0 0 0 0 0} 0 2 1 0
TIOVERLAP 711 { 247 0 0 0 0 0 0 0 0 0 0 0 0 0 0 0 0 0 0 0} 0 1 1 0
TIOVERLAP 712 { 247 248 0 0 0 0 0 0 0 0 0 0 0 0 0 0 0 0 0 0} 0 2 1 0
TIOVERLAP 713 { 248 0 0 0 0 0 0 0 0 0 0 0 0 0 0 0 0 0 0 0} 0 1 1 0
TIOVERLAP 714 { 248 249 0 0 0 0 0 0 0 0 0 0 0 0 0 0 0 0 0 0} 0 2 1 0
TIOVERLAP 715 { 249 0 0 0 0 0 0 0 0 0 0 0 0 0 0 0 0 0 0 0} 0 1 1 0
TIOVERLAP 716 { 249 250 0 0 0 0 0 0 0 0 0 0 0 0 0 0 0 0 0 0} 0 2 1 0
TIOVERLAP 717 { 250 0 0 0 0 0 0 0 0 0 0 0 0 0 0 0 0 0 0 0} 0 1 1 0
TIOVERLAP 718 { 250 251 0 0 0 0 0 0 0 0 0 0 0 0 0 0 0 0 0 0} 0 2 1 0
TIOVERLAP 719 { 251 0 0 0 0 0 0 0 0 0 0 0 0 0 0 0 0 0 0 0} 0 1 1 0
TIOVERLAP 720 { 251 252 0 0 0 0 0 0 0 0 0 0 0 0 0 0 0 0 0 0} 0 2 1 0
TIOVERLAP 721 { 252 0 0 0 0 0 0 0 0 0 0 0 0 0 0 0 0 0 0 0} 0 1 1 0
TIOVERLAP 722 { 252 253 0 0 0 0 0 0 0 0 0 0 0 0 0 0 0 0 0 0} 0 2 1 0
TIOVERLAP 723 { 253 0 0 0 0 0 0 0 0 0 0 0 0 0 0 0 0 0 0 0} 0 1 1 0
TIOVERLAP 724 { 253 254 0 0 0 0 0 0 0 0 0 0 0 0 0 0 0 0 0 0} 0 2 1 0
TIOVERLAP 725 { 254 0 0 0 0 0 0 0 0 0 0 0 0 0 0 0 0 0 0 0} 0 1 4 0
TIOVERLAP 726 { 254 436 0 0 0 0 0 0 0 0 0 0 0 0 0 0 0 0 0 0} 0 2 1 0
TIOVERLAP 727 { 255 0 0 0 0 0 0 0 0 0 0 0 0 0 0 0 0 0 0 0} 0 1 1 0
TIOVERLAP 728 { 255 256 0 0 0 0 0 0 0 0 0 0 0 0 0 0 0 0 0 0} 0 2 1 0
TIOVERLAP 729 { 256 0 0 0 0 0 0 0 0 0 0 0 0 0 0 0 0 0 0 0} 0 1 2 0
TIOVERLAP 730 { 256 257 0 0 0 0 0 0 0 0 0 0 0 0 0 0 0 0 0 0} 0 2 2 0
TIOVERLAP 731 { 257 0 0 0 0 0 0 0 0 0 0 0 0 0 0 0 0 0 0 0} 0 1 2 0
TIOVERLAP 732 { 257 258 0 0 0 0 0 0 0 0 0 0 0 0 0 0 0 0 0 0} 0 2 2 0
TIOVERLAP 733 { 258 0 0 0 0 0 0 0 0 0 0 0 0 0 0 0 0 0 0 0} 0 1 2 0
TIOVERLAP 734 { 258 259 0 0 0 0 0 0 0 0 0 0 0 0 0 0 0 0 0 0} 0 2 2 0
TIOVERLAP 735 { 259 0 0 0 0 0 0 0 0 0 0 0 0 0 0 0 0 0 0 0} 0 1 2 0
TIOVERLAP 736 { 259 260 0 0 0 0 0 0 0 0 0 0 0 0 0 0 0 0 0 0} 0 2 2 0
TIOVERLAP 737 { 259 260 261 0 0 0 0 0 0 0 0 0 0 0 0 0 0 0 0 0} 0 3 1 0
TIOVERLAP 738 { 260 0 0 0 0 0 0 0 0 0 0 0 0 0 0 0 0 0 0 0} 0 1 3 0
TIOVERLAP 739 { 260 261 0 0 0 0 0 0 0 0 0 0 0 0 0 0 0 0 0 0} 0 2 2 0
TIOVERLAP 740 { 260 261 262 0 0 0 0 0 0 0 0 0 0 0 0 0 0 0 0 0} 0 3 2 0
TIOVERLAP 741 { 260 262 0 0 0 0 0 0 0 0 0 0 0 0 0 0 0 0 0 0} 0 2 1 0
TIOVERLAP 742 { 261 0 0 0 0 0 0 0 0 0 0 0 0 0 0 0 0 0 0 0} 0 1 1 0
TIOVERLAP 743 { 261 262 0 0 0 0 0 0 0 0 0 0 0 0 0 0 0 0 0 0} 0 2 2 0
TIOVERLAP 744 { 261 262 263 0 0 0 0 0 0 0 0 0 0 0 0 0 0 0 0 0} 0 3 2 0
TIOVERLAP 745 { 261 263 0 0 0 0 0 0 0 0 0 0 0 0 0 0 0 0 0 0} 0 2 1 0
TIOVERLAP 746 { 262 0 0 0 0 0 0 0 0 0 0 0 0 0 0 0 0 0 0 0} 0 1 1 0
TIOVERLAP 747 { 262 263 0 0 0 0 0 0 0 0 0 0 0 0 0 0 0 0 0 0} 0 2 2 0
TIOVERLAP 748 { 262 264 0 0 0 0 0 0 0 0 0 0 0 0 0 0 0 0 0 0} 0 2 1 0
TIOVERLAP 749 { 263 0 0 0 0 0 0 0 0 0 0 0 0 0 0 0 0 0 0 0} 0 1 2 0
TIOVERLAP 750 { 263 264 0 0 0 0 0 0 0 0 0 0 0 0 0 0 0 0 0 0} 0 2 2 0
TIOVERLAP 751 { 263 265 0 0 0 0 0 0 0 0 0 0 0 0 0 0 0 0 0 0} 0 2 1 0
TIOVERLAP 752 { 264 0 0 0 0 0 0 0 0 0 0 0 0 0 0 0 0 0 0 0} 0 1 2 0
TIOVERLAP 753 { 264 265 0 0 0 0 0 0 0 0 0 0 0 0 0 0 0 0 0 0} 0 2 2 0
TIOVERLAP 754 { 264 266 0 0 0 0 0 0 0 0 0 0 0 0 0 0 0 0 0 0} 0 2 1 0
TIOVERLAP 755 { 265 0 0 0 0 0 0 0 0 0 0 0 0 0 0 0 0 0 0 0} 0 1 2 0
TIOVERLAP 756 { 265 266 0 0 0 0 0 0 0 0 0 0 0 0 0 0 0 0 0 0} 0 2 2 0
TIOVERLAP 757 { 266 0 0 0 0 0 0 0 0 0 0 0 0 0 0 0 0 0 0 0} 0 1 2 0
TIOVERLAP 758 { 266 267 0 0 0 0 0 0 0 0 0 0 0 0 0 0 0 0 0 0} 0 2 2 0
TIOVERLAP 759 { 266 268 0 0 0 0 0 0 0 0 0 0 0 0 0 0 0 0 0 0} 0 2 1 0
TIOVERLAP 760 { 267 0 0 0 0 0 0 0 0 0 0 0 0 0 0 0 0 0 0 0} 0 1 4 0
TIOVERLAP 761 { 267 268 0 0 0 0 0 0 0 0 0 0 0 0 0 0 0 0 0 0} 0 2 5 0
TIOVERLAP 762 { 268 0 0 0 0 0 0 0 0 0 0 0 0 0 0 0 0 0 0 0} 0 1 6 0
TIOVERLAP 763 { 268 269 0 0 0 0 0 0 0 0 0 0 0 0 0 0 0 0 0 0} 0 2 7 0
TIOVERLAP 764 { 269 0 0 0 0 0 0 0 0 0 0 0 0 0 0 0 0 0 0 0} 0 1 2 0
TIOVERLAP 765 { 269 270 0 0 0 0 0 0 0 0 0 0 0 0 0 0 0 0 0 0} 0 2 8 0
TIOVERLAP 766 { 269 270 291 0 0 0 0 0 0 0 0 0 0 0 0 0 0 0 0 0} 0 3 2 0
TIOVERLAP 767 { 270 0 0 0 0 0 0 0 0 0 0 0 0 0 0 0 0 0 0 0} 0 1 2 0
TIOVERLAP 768 { 270 271 291 0 0 0 0 0 0 0 0 0 0 0 0 0 0 0 0 0} 0 3 2 0
TIOVERLAP 769 { 270 271 291 292 0 0 0 0 0 0 0 0 0 0 0 0 0 0 0 0} 0 4 2 0
TIOVERLAP 770 { 270 291 0 0 0 0 0 0 0 0 0 0 0 0 0 0 0 0 0 0} 0 2 4 0
TIOVERLAP 771 { 271 272 291 292 0 0 0 0 0 0 0 0 0 0 0 0 0 0 0 0} 0 4 2 0
TIOVERLAP 772 { 271 272 292 0 0 0 0 0 0 0 0 0 0 0 0 0 0 0 0 0} 0 3 2 0
TIOVERLAP 773 { 271 272 292 293 0 0 0 0 0 0 0 0 0 0 0 0 0 0 0 0} 0 4 1 0
TIOVERLAP 774 { 271 291 0 0 0 0 0 0 0 0 0 0 0 0 0 0 0 0 0 0} 0 2 2 0
TIOVERLAP 775 { 271 291 292 0 0 0 0 0 0 0 0 0 0 0 0 0 0 0 0 0} 0 3 4 0
TIOVERLAP 776 { 271 292 0 0 0 0 0 0 0 0 0 0 0 0 0 0 0 0 0 0} 0 2 2 0
TIOVERLAP 777 { 272 0 0 0 0 0 0 0 0 0 0 0 0 0 0 0 0 0 0 0} 0 1 1 0
TIOVERLAP 778 { 272 273 292 293 0 0 0 0 0 0 0 0 0 0 0 0 0 0 0 0} 0 4 2 0
TIOVERLAP 779 { 272 273 293 0 0 0 0 0 0 0 0 0 0 0 0 0 0 0 0 0} 0 3 5 0
TIOVERLAP 780 { 272 273 293 294 0 0 0 0 0 0 0 0 0 0 0 0 0 0 0 0} 0 4 1 0
TIOVERLAP 781 { 272 292 0 0 0 0 0 0 0 0 0 0 0 0 0 0 0 0 0 0} 0 2 5 0
TIOVERLAP 782 { 272 292 293 0 0 0 0 0 0 0 0 0 0 0 0 0 0 0 0 0} 0 3 5 0
TIOVERLAP 783 { 272 293 0 0 0 0 0 0 0 0 0 0 0 0 0 0 0 0 0 0} 0 2 3 0
TIOVERLAP 784 { 273 0 0 0 0 0 0 0 0 0 0 0 0 0 0 0 0 0 0 0} 0 1 1 0
TIOVERLAP 785 { 273 293 0 0 0 0 0 0 0 0 0 0 0 0 0 0 0 0 0 0} 0 2 7 0
TIOVERLAP 786 { 273 293 294 0 0 0 0 0 0 0 0 0 0 0 0 0 0 0 0 0} 0 3 2 0
TIOVERLAP 787 { 273 294 0 0 0 0 0 0 0 0 0 0 0 0 0 0 0 0 0 0} 0 2 2 0
TIOVERLAP 788 { 274 0 0 0 0 0 0 0 0 0 0 0 0 0 0 0 0 0 0 0} 0 1 2 0
TIOVERLAP 789 { 274 275 0 0 0 0 0 0 0 0 0 0 0 0 0 0 0 0 0 0} 0 2 2 0
TIOVERLAP 790 { 275 0 0 0 0 0 0 0 0 0 0 0 0 0 0 0 0 0 0 0} 0 1 6 0
TIOVERLAP 791 { 275 276 0 0 0 0 0 0 0 0 0 0 0 0 0 0 0 0 0 0} 0 2 2 0
TIOVERLAP 792 { 276 0 0 0 0 0 0 0 0 0 0 0 0 0 0 0 0 0 0 0} 0 1 4 0
TIOVERLAP 793 { 276 277 0 0 0 0 0 0 0 0 0 0 0 0 0 0 0 0 0 0} 0 2 2 0
TIOVERLAP 794 { 277 0 0 0 0 0 0 0 0 0 0 0 0 0 0 0 0 0 0 0} 0 1 4 0
TIOVERLAP 795 { 277 278 0 0 0 0 0 0 0 0 0 0 0 0 0 0 0 0 0 0} 0 2 1 0
TIOVERLAP 796 { 278 0 0 0 0 0 0 0 0 0 0 0 0 0 0 0 0 0 0 0} 0 1 1 0
TIOVERLAP 797 { 278 279 0 0 0 0 0 0 0 0 0 0 0 0 0 0 0 0 0 0} 0 2 1 0
TIOVERLAP 798 { 279 0 0 0 0 0 0 0 0 0 0 0 0 0 0 0 0 0 0 0} 0 1 1 0
TIOVERLAP 799 { 279 280 0 0 0 0 0 0 0 0 0 0 0 0 0 0 0 0 0 0} 0 2 1 0
TIOVERLAP 800 { 280 0 0 0 0 0 0 0 0 0 0 0 0 0 0 0 0 0 0 0} 0 1 1 0
TIOVERLAP 801 { 280 281 0 0 0 0 0 0 0 0 0 0 0 0 0 0 0 0 0 0} 0 2 1 0
TIOVERLAP 802 { 281 0 0 0 0 0 0 0 0 0 0 0 0 0 0 0 0 0 0 0} 0 1 2 0
TIOVERLAP 803 { 281 282 0 0 0 0 0 0 0 0 0 0 0 0 0 0 0 0 0 0} 0 2 1 0
TIOVERLAP 804 { 281 394 0 0 0 0 0 0 0 0 0 0 0 0 0 0 0 0 0 0} 0 2 1 0
TIOVERLAP 805 { 282 0 0 0 0 0 0 0 0 0 0 0 0 0 0 0 0 0 0 0} 189.784022596 1 1 1
TIOVERLAP 806 { 282 283 0 0 0 0 0 0 0 0 0 0 0 0 0 0 0 0 0 0} 0 2 1 0
TIOVERLAP 807 { 282 393 0 0 0 0 0 0 0 0 0 0 0 0 0 0 0 0 0 0} 0 2 1 0
TIOVERLAP 808 { 283 0 0 0 0 0 0 0 0 0 0 0 0 0 0 0 0 0 0 0} 0 1 1 0
TIOVERLAP 809 { 283 284 0 0 0 0 0 0 0 0 0 0 0 0 0 0 0 0 0 0} 0 2 1 0
TIOVERLAP 810 { 283 399 0 0 0 0 0 0 0 0 0 0 0 0 0 0 0 0 0 0} 0 2 1 0
TIOVERLAP 811 { 284 0 0 0 0 0 0 0 0 0 0 0 0 0 0 0 0 0 0 0} 0 1 1 0
TIOVERLAP 812 { 284 285 0 0 0 0 0 0 0 0 0 0 0 0 0 0 0 0 0 0} 0 2 1 0
TIOVERLAP 813 { 284 411 0 0 0 0 0 0 0 0 0 0 0 0 0 0 0 0 0 0} 0 2 1 0
TIOVERLAP 814 { 285 0 0 0 0 0 0 0 0 0 0 0 0 0 0 0 0 0 0 0} 0 1 1 0
TIOVERLAP 815 { 285 286 0 0 0 0 0 0 0 0 0 0 0 0 0 0 0 0 0 0} 0 2 1 0
TIOVERLAP 816 { 285 422 0 0 0 0 0 0 0 0 0 0 0 0 0 0 0 0 0 0} 0 2 1 0
TIOVERLAP 817 { 286 0 0 0 0 0 0 0 0 0 0 0 0 0 0 0 0 0 0 0} 0 1 1 0
TIOVERLAP 818 { 286 287 0 0 0 0 0 0 0 0 0 0 0 0 0 0 0 0 0 0} 0 2 1 0
TIOVERLAP 819 { 286 416 0 0 0 0 0 0 0 0 0 0 0 0 0 0 0 0 0 0} 0 2 1 0
TIOVERLAP 820 { 287 0 0 0 0 0 0 0 0 0 0 0 0 0 0 0 0 0 0 0} 0 1 1 0
TIOVERLAP 821 { 287 288 0 0 0 0 0 0 0 0 0 0 0 0 0 0 0 0 0 0} 0 2 1 0
TIOVERLAP 822 { 287 396 0 0 0 0 0 0 0 0 0 0 0 0 0 0 0 0 0 0} 0 2 1 0
TIOVERLAP 823 { 287 397 0 0 0 0 0 0 0 0 0 0 0 0 0 0 0 0 0 0} 0 2 1 0
TIOVERLAP 824 { 288 0 0 0 0 0 0 0 0 0 0 0 0 0 0 0 0 0 0 0} 0 1 1 0
TIOVERLAP 825 { 288 289 0 0 0 0 0 0 0 0 0 0 0 0 0 0 0 0 0 0} 0 2 1 0
TIOVERLAP 826 { 288 396 0 0 0 0 0 0 0 0 0 0 0 0 0 0 0 0 0 0} 0 2 1 0
TIOVERLAP 827 { 288 402 0 0 0 0 0 0 0 0 0 0 0 0 0 0 0 0 0 0} 0 2 1 0
TIOVERLAP 828 { 289 0 0 0 0 0 0 0 0 0 0 0 0 0 0 0 0 0 0 0} 0 1 1 0
TIOVERLAP 829 { 289 290 0 0 0 0 0 0 0 0 0 0 0 0 0 0 0 0 0 0} 0 2 1 0
TIOVERLAP 830 { 289 402 0 0 0 0 0 0 0 0 0 0 0 0 0 0 0 0 0 0} 0 2 1 0
TIOVERLAP 831 { 289 406 0 0 0 0 0 0 0 0 0 0 0 0 0 0 0 0 0 0} 0 2 1 0
TIOVERLAP 832 { 290 0 0 0 0 0 0 0 0 0 0 0 0 0 0 0 0 0 0 0} 0 1 1 0
TIOVERLAP 833 { 290 407 0 0 0 0 0 0 0 0 0 0 0 0 0 0 0 0 0 0} 0 2 1 0
TIOVERLAP 834 { 291 0 0 0 0 0 0 0 0 0 0 0 0 0 0 0 0 0 0 0} 0 1 8 0
TIOVERLAP 835 { 292 0 0 0 0 0 0 0 0 0 0 0 0 0 0 0 0 0 0 0} 0 1 6 0
TIOVERLAP 836 { 293 0 0 0 0 0 0 0 0 0 0 0 0 0 0 0 0 0 0 0} 0 1 18 0
TIOVERLAP 837 { 294 0 0 0 0 0 0 0 0 0 0 0 0 0 0 0 0 0 0 0} 0 1 9 0
TIOVERLAP 838 { 294 295 0 0 0 0 0 0 0 0 0 0 0 0 0 0 0 0 0 0} 0 2 2 0
TIOVERLAP 839 { 295 0 0 0 0 0 0 0 0 0 0 0 0 0 0 0 0 0 0 0} 0 1 4 0
TIOVERLAP 840 { 295 296 0 0 0 0 0 0 0 0 0 0 0 0 0 0 0 0 0 0} 0 2 2 0
TIOVERLAP 841 { 296 0 0 0 0 0 0 0 0 0 0 0 0 0 0 0 0 0 0 0} 0 1 4 0
TIOVERLAP 842 { 296 297 0 0 0 0 0 0 0 0 0 0 0 0 0 0 0 0 0 0} 0 2 2 0
TIOVERLAP 843 { 297 0 0 0 0 0 0 0 0 0 0 0 0 0 0 0 0 0 0 0} 0 1 4 0
TIOVERLAP 844 { 297 298 0 0 0 0 0 0 0 0 0 0 0 0 0 0 0 0 0 0} 0 2 2 0
TIOVERLAP 845 { 298 0 0 0 0 0 0 0 0 0 0 0 0 0 0 0 0 0 0 0} 0 1 4 0
TIOVERLAP 846 { 298 299 0 0 0 0 0 0 0 0 0 0 0 0 0 0 0 0 0 0} 0 2 1 0
TIOVERLAP 847 { 299 0 0 0 0 0 0 0 0 0 0 0 0 0 0 0 0 0 0 0} 0 1 3 0
TIOVERLAP 848 { 299 300 0 0 0 0 0 0 0 0 0 0 0 0 0 0 0 0 0 0} 0 2 3 0
TIOVERLAP 849 { 300 0 0 0 0 0 0 0 0 0 0 0 0 0 0 0 0 0 0 0} 0 1 3 0
TIOVERLAP 850 { 300 301 0 0 0 0 0 0 0 0 0 0 0 0 0 0 0 0 0 0} 0 2 4 0
TIOVERLAP 851 { 301 0 0 0 0 0 0 0 0 0 0 0 0 0 0 0 0 0 0 0} 0 1 2 0
TIOVERLAP 852 { 301 302 0 0 0 0 0 0 0 0 0 0 0 0 0 0 0 0 0 0} 0 2 4 0
TIOVERLAP 853 { 302 0 0 0 0 0 0 0 0 0 0 0 0 0 0 0 0 0 0 0} 0 1 5 0
TIOVERLAP 854 { 302 303 0 0 0 0 0 0 0 0 0 0 0 0 0 0 0 0 0 0} 0 2 3 0
TIOVERLAP 855 { 303 0 0 0 0 0 0 0 0 0 0 0 0 0 0 0 0 0 0 0} 0 1 3 0
TIOVERLAP 856 { 303 304 0 0 0 0 0 0 0 0 0 0 0 0 0 0 0 0 0 0} 0 2 3 0
TIOVERLAP 857 { 304 0 0 0 0 0 0 0 0 0 0 0 0 0 0 0 0 0 0 0} 0 1 4 0
TIOVERLAP 858 { 304 305 0 0 0 0 0 0 0 0 0 0 0 0 0 0 0 0 0 0} 0 2 2 0
TIOVERLAP 859 { 305 0 0 0 0 0 0 0 0 0 0 0 0 0 0 0 0 0 0 0} 0 1 3 0
TIOVERLAP 860 { 305 306 0 0 0 0 0 0 0 0 0 0 0 0 0 0 0 0 0 0} 0 2 1 0
TIOVERLAP 861 { 306 0 0 0 0 0 0 0 0 0 0 0 0 0 0 0 0 0 0 0} 0 1 4 0
TIOVERLAP 862 { 306 307 0 0 0 0 0 0 0 0 0 0 0 0 0 0 0 0 0 0} 0 2 2 0
TIOVERLAP 863 { 307 0 0 0 0 0 0 0 0 0 0 0 0 0 0 0 0 0 0 0} 0 1 4 0
TIOVERLAP 864 { 307 308 0 0 0 0 0 0 0 0 0 0 0 0 0 0 0 0 0 0} 0 2 2 0
TIOVERLAP 865 { 308 0 0 0 0 0 0 0 0 0 0 0 0 0 0 0 0 0 0 0} 0 1 4 0
TIOVERLAP 866 { 308 309 0 0 0 0 0 0 0 0 0 0 0 0 0 0 0 0 0 0} 0 2 2 0
TIOVERLAP 867 { 309 0 0 0 0 0 0 0 0 0 0 0 0 0 0 0 0 0 0 0} 0 1 4 0
TIOVERLAP 868 { 309 310 0 0 0 0 0 0 0 0 0 0 0 0 0 0 0 0 0 0} 0 2 2 0
TIOVERLAP 869 { 310 0 0 0 0 0 0 0 0 0 0 0 0 0 0 0 0 0 0 0} 0 1 4 0
TIOVERLAP 870 { 310 311 0 0 0 0 0 0 0 0 0 0 0 0 0 0 0 0 0 0} 0 2 2 0
TIOVERLAP 871 { 311 0 0 0 0 0 0 0 0 0 0 0 0 0 0 0 0 0 0 0} 0 1 4 0
TIOVERLAP 872 { 311 312 0 0 0 0 0 0 0 0 0 0 0 0 0 0 0 0 0 0} 0 2 2 0
TIOVERLAP 873 { 312 0 0 0 0 0 0 0 0 0 0 0 0 0 0 0 0 0 0 0} 0 1 4 0
TIOVERLAP 874 { 312 313 0 0 0 0 0 0 0 0 0 0 0 0 0 0 0 0 0 0} 0 2 2 0
TIOVERLAP 875 { 313 0 0 0 0 0 0 0 0 0 0 0 0 0 0 0 0 0 0 0} 0 1 4 0
TIOVERLAP 876 { 313 314 0 0 0 0 0 0 0 0 0 0 0 0 0 0 0 0 0 0} 0 2 2 0
TIOVERLAP 877 { 314 0 0 0 0 0 0 0 0 0 0 0 0 0 0 0 0 0 0 0} 0 1 4 0
TIOVERLAP 878 { 314 315 0 0 0 0 0 0 0 0 0 0 0 0 0 0 0 0 0 0} 0 2 2 0
TIOVERLAP 879 { 315 0 0 0 0 0 0 0 0 0 0 0 0 0 0 0 0 0 0 0} 0 1 4 0
TIOVERLAP 880 { 315 316 0 0 0 0 0 0 0 0 0 0 0 0 0 0 0 0 0 0} 0 2 2 0
TIOVERLAP 881 { 316 0 0 0 0 0 0 0 0 0 0 0 0 0 0 0 0 0 0 0} 0 1 6 0
TIOVERLAP 882 { 316 317 0 0 0 0 0 0 0 0 0 0 0 0 0 0 0 0 0 0} 0 2 2 0
TIOVERLAP 883 { 317 0 0 0 0 0 0 0 0 0 0 0 0 0 0 0 0 0 0 0} 0 1 4 0
TIOVERLAP 884 { 317 318 0 0 0 0 0 0 0 0 0 0 0 0 0 0 0 0 0 0} 0 2 2 0
TIOVERLAP 885 { 318 0 0 0 0 0 0 0 0 0 0 0 0 0 0 0 0 0 0 0} 0 1 4 0
TIOVERLAP 886 { 318 319 0 0 0 0 0 0 0 0 0 0 0 0 0 0 0 0 0 0} 0 2 2 0
TIOVERLAP 887 { 319 0 0 0 0 0 0 0 0 0 0 0 0 0 0 0 0 0 0 0} 0 1 4 0
TIOVERLAP 888 { 319 320 0 0 0 0 0 0 0 0 0 0 0 0 0 0 0 0 0 0} 0 2 2 0
TIOVERLAP 889 { 320 0 0 0 0 0 0 0 0 0 0 0 0 0 0 0 0 0 0 0} 0 1 4 0
TIOVERLAP 890 { 320 321 0 0 0 0 0 0 0 0 0 0 0 0 0 0 0 0 0 0} 0 2 2 0
TIOVERLAP 891 { 321 0 0 0 0 0 0 0 0 0 0 0 0 0 0 0 0 0 0 0} 0 1 3 0
TIOVERLAP 892 { 321 322 0 0 0 0 0 0 0 0 0 0 0 0 0 0 0 0 0 0} 0 2 2 0
TIOVERLAP 893 { 322 0 0 0 0 0 0 0 0 0 0 0 0 0 0 0 0 0 0 0} 0 1 7 0
TIOVERLAP 894 { 322 323 0 0 0 0 0 0 0 0 0 0 0 0 0 0 0 0 0 0} 0 2 4 0
TIOVERLAP 895 { 322 323 373 0 0 0 0 0 0 0 0 0 0 0 0 0 0 0 0 0} 0 3 1 0
TIOVERLAP 896 { 322 373 0 0 0 0 0 0 0 0 0 0 0 0 0 0 0 0 0 0} 0 2 1 0
TIOVERLAP 897 { 323 0 0 0 0 0 0 0 0 0 0 0 0 0 0 0 0 0 0 0} 0 1 5 0
TIOVERLAP 898 { 323 324 0 0 0 0 0 0 0 0 0 0 0 0 0 0 0 0 0 0} 0 2 3 0
TIOVERLAP 899 { 323 373 0 0 0 0 0 0 0 0 0 0 0 0 0 0 0 0 0 0} 0 2 1 0
TIOVERLAP 900 { 324 0 0 0 0 0 0 0 0 0 0 0 0 0 0 0 0 0 0 0} 0 1 7 0
TIOVERLAP 901 { 324 325 0 0 0 0 0 0 0 0 0 0 0 0 0 0 0 0 0 0} 0 2 4 0
TIOVERLAP 902 { 324 325 375 0 0 0 0 0 0 0 0 0 0 0 0 0 0 0 0 0} 0 3 1 0
TIOVERLAP 903 { 324 374 0 0 0 0 0 0 0 0 0 0 0 0 0 0 0 0 0 0} 0 2 1 0
TIOVERLAP 904 { 324 374 375 0 0 0 0 0 0 0 0 0 0 0 0 0 0 0 0 0} 0 3 1 0
TIOVERLAP 905 { 324 375 0 0 0 0 0 0 0 0 0 0 0 0 0 0 0 0 0 0} 0 2 1 0
TIOVERLAP 906 { 325 0 0 0 0 0 0 0 0 0 0 0 0 0 0 0 0 0 0 0} 0 1 6 0
TIOVERLAP 907 { 325 326 0 0 0 0 0 0 0 0 0 0 0 0 0 0 0 0 0 0} 0 2 4 0
TIOVERLAP 908 { 325 326 375 0 0 0 0 0 0 0 0 0 0 0 0 0 0 0 0 0} 0 3 1 0
TIOVERLAP 909 { 325 326 375 376 0 0 0 0 0 0 0 0 0 0 0 0 0 0 0 0} 0 4 1 0
TIOVERLAP 910 { 325 326 376 0 0 0 0 0 0 0 0 0 0 0 0 0 0 0 0 0} 0 3 1 0
TIOVERLAP 911 { 325 375 0 0 0 0 0 0 0 0 0 0 0 0 0 0 0 0 0 0} 0 2 1 0
TIOVERLAP 912 { 325 375 376 0 0 0 0 0 0 0 0 0 0 0 0 0 0 0 0 0} 0 3 1 0
TIOVERLAP 913 { 326 0 0 0 0 0 0 0 0 0 0 0 0 0 0 0 0 0 0 0} 0 1 6 0
TIOVERLAP 914 { 326 327 0 0 0 0 0 0 0 0 0 0 0 0 0 0 0 0 0 0} 0 2 6 0
TIOVERLAP 915 { 326 327 377 0 0 0 0 0 0 0 0 0 0 0 0 0 0 0 0 0} 0 3 1 0
TIOVERLAP 916 { 326 375 376 0 0 0 0 0 0 0 0 0 0 0 0 0 0 0 0 0} 0 3 1 0
TIOVERLAP 917 { 326 376 0 0 0 0 0 0 0 0 0 0 0 0 0 0 0 0 0 0} 0 2 1 0
TIOVERLAP 918 { 326 376 377 0 0 0 0 0 0 0 0 0 0 0 0 0 0 0 0 0} 0 3 1 0
TIOVERLAP 919 { 326 377 0 0 0 0 0 0 0 0 0 0 0 0 0 0 0 0 0 0} 0 2 1 0
TIOVERLAP 920 { 327 0 0 0 0 0 0 0 0 0 0 0 0 0 0 0 0 0 0 0} 0 1 5 0
TIOVERLAP 921 { 327 328 0 0 0 0 0 0 0 0 0 0 0 0 0 0 0 0 0 0} 0 2 5 0
TIOVERLAP 922 { 327 328 378 0 0 0 0 0 0 0 0 0 0 0 0 0 0 0 0 0} 0 3 1 0
TIOVERLAP 923 { 327 377 0 0 0 0 0 0 0 0 0 0 0 0 0 0 0 0 0 0} 0 2 1 0
TIOVERLAP 924 { 327 377 378 0 0 0 0 0 0 0 0 0 0 0 0 0 0 0 0 0} 0 3 1 0
TIOVERLAP 925 { 327 378 0 0 0 0 0 0 0 0 0 0 0 0 0 0 0 0 0 0} 0 2 1 0
TIOVERLAP 926 { 328 0 0 0 0 0 0 0 0 0 0 0 0 0 0 0 0 0 0 0} 0 1 4 0
TIOVERLAP 927 { 328 329 0 0 0 0 0 0 0 0 0 0 0 0 0 0 0 0 0 0} 0 2 6 0
TIOVERLAP 928 { 328 329 379 0 0 0 0 0 0 0 0 0 0 0 0 0 0 0 0 0} 0 3 1 0
TIOVERLAP 929 { 328 378 0 0 0 0 0 0 0 0 0 0 0 0 0 0 0 0 0 0} 0 2 1 0
TIOVERLAP 930 { 328 378 379 0 0 0 0 0 0 0 0 0 0 0 0 0 0 0 0 0} 0 3 1 0
TIOVERLAP 931 { 328 379 0 0 0 0 0 0 0 0 0 0 0 0 0 0 0 0 0 0} 0 2 1 0
TIOVERLAP 932 { 329 0 0 0 0 0 0 0 0 0 0 0 0 0 0 0 0 0 0 0} 0 1 4 0
TIOVERLAP 933 { 329 330 0 0 0 0 0 0 0 0 0 0 0 0 0 0 0 0 0 0} 0 2 5 0
TIOVERLAP 934 { 329 330 380 0 0 0 0 0 0 0 0 0 0 0 0 0 0 0 0 0} 0 3 1 0
TIOVERLAP 935 { 329 379 0 0 0 0 0 0 0 0 0 0 0 0 0 0 0 0 0 0} 0 2 1 0
TIOVERLAP 936 { 329 380 0 0 0 0 0 0 0 0 0 0 0 0 0 0 0 0 0 0} 0 2 1 0
TIOVERLAP 937 { 330 0 0 0 0 0 0 0 0 0 0 0 0 0 0 0 0 0 0 0} 0 1 4 0
TIOVERLAP 938 { 330 331 0 0 0 0 0 0 0 0 0 0 0 0 0 0 0 0 0 0} 0 2 7 0
TIOVERLAP 939 { 330 331 380 0 0 0 0 0 0 0 0 0 0 0 0 0 0 0 0 0} 0 3 1 0
TIOVERLAP 940 { 330 331 380 381 0 0 0 0 0 0 0 0 0 0 0 0 0 0 0 0} 0 4 1 0
TIOVERLAP 941 { 330 331 381 0 0 0 0 0 0 0 0 0 0 0 0 0 0 0 0 0} 0 3 1 0
TIOVERLAP 942 { 330 380 0 0 0 0 0 0 0 0 0 0 0 0 0 0 0 0 0 0} 0 2 1 0
TIOVERLAP 943 { 330 380 381 0 0 0 0 0 0 0 0 0 0 0 0 0 0 0 0 0} 0 3 1 0
TIOVERLAP 944 { 331 0 0 0 0 0 0 0 0 0 0 0 0 0 0 0 0 0 0 0} 0 1 7 0
TIOVERLAP 945 { 331 380 381 0 0 0 0 0 0 0 0 0 0 0 0 0 0 0 0 0} 0 3 1 0
TIOVERLAP 946 { 331 381 0 0 0 0 0 0 0 0 0 0 0 0 0 0 0 0 0 0} 0 2 1 0
TIOVERLAP 947 { 331 381 382 0 0 0 0 0 0 0 0 0 0 0 0 0 0 0 0 0} 0 3 1 0
TIOVERLAP 948 { 331 382 0 0 0 0 0 0 0 0 0 0 0 0 0 0 0 0 0 0} 0 2 1 0
TIOVERLAP 949 { 332 0 0 0 0 0 0 0 0 0 0 0 0 0 0 0 0 0 0 0} 0 1 1 0
TIOVERLAP 950 { 332 333 0 0 0 0 0 0 0 0 0 0 0 0 0 0 0 0 0 0} 0 2 1 0
TIOVERLAP 951 { 333 0 0 0 0 0 0 0 0 0 0 0 0 0 0 0 0 0 0 0} 0 1 1 0
TIOVERLAP 952 { 333 334 0 0 0 0 0 0 0 0 0 0 0 0 0 0 0 0 0 0} 0 2 2 0
TIOVERLAP 953 { 334 0 0 0 0 0 0 0 0 0 0 0 0 0 0 0 0 0 0 0} 0 1 5 0
TIOVERLAP 954 { 334 335 0 0 0 0 0 0 0 0 0 0 0 0 0 0 0 0 0 0} 0 2 2 0
TIOVERLAP 955 { 335 0 0 0 0 0 0 0 0 0 0 0 0 0 0 0 0 0 0 0} 0 1 4 0
TIOVERLAP 956 { 335 336 0 0 0 0 0 0 0 0 0 0 0 0 0 0 0 0 0 0} 0 2 2 0
TIOVERLAP 957 { 336 0 0 0 0 0 0 0 0 0 0 0 0 0 0 0 0 0 0 0} 0 1 4 0
TIOVERLAP 958 { 336 337 0 0 0 0 0 0 0 0 0 0 0 0 0 0 0 0 0 0} 0 2 2 0
TIOVERLAP 959 { 337 0 0 0 0 0 0 0 0 0 0 0 0 0 0 0 0 0 0 0} 0 1 4 0
TIOVERLAP 960 { 337 338 0 0 0 0 0 0 0 0 0 0 0 0 0 0 0 0 0 0} 0 2 2 0
TIOVERLAP 961 { 338 0 0 0 0 0 0 0 0 0 0 0 0 0 0 0 0 0 0 0} 0 1 2 0
TIOVERLAP 962 { 338 339 0 0 0 0 0 0 0 0 0 0 0 0 0 0 0 0 0 0} 0 2 4 0
TIOVERLAP 963 { 339 0 0 0 0 0 0 0 0 0 0 0 0 0 0 0 0 0 0 0} 0 1 2 0
TIOVERLAP 964 { 339 340 0 0 0 0 0 0 0 0 0 0 0 0 0 0 0 0 0 0} 0 2 2 0
TIOVERLAP 965 { 340 0 0 0 0 0 0 0 0 0 0 0 0 0 0 0 0 0 0 0} 0 1 4 0
TIOVERLAP 966 { 340 341 0 0 0 0 0 0 0 0 0 0 0 0 0 0 0 0 0 0} 0 2 2 0
TIOVERLAP 967 { 341 0 0 0 0 0 0 0 0 0 0 0 0 0 0 0 0 0 0 0} 189.784022596 1 12 1
TIOVERLAP 968 { 342 0 0 0 0 0 0 0 0 0 0 0 0 0 0 0 0 0 0 0} 0 1 11 0
TIOVERLAP 969 { 342 343 0 0 0 0 0 0 0 0 0 0 0 0 0 0 0 0 0 0} 0 2 2 0
TIOVERLAP 970 { 343 0 0 0 0 0 0 0 0 0 0 0 0 0 0 0 0 0 0 0} 0 1 4 0
TIOVERLAP 971 { 343 344 0 0 0 0 0 0 0 0 0 0 0 0 0 0 0 0 0 0} 0 2 2 0
TIOVERLAP 972 { 344 0 0 0 0 0 0 0 0 0 0 0 0 0 0 0 0 0 0 0} 0 1 4 0
TIOVERLAP 973 { 344 345 0 0 0 0 0 0 0 0 0 0 0 0 0 0 0 0 0 0} 0 2 2 0
TIOVERLAP 974 { 345 0 0 0 0 0 0 0 0 0 0 0 0 0 0 0 0 0 0 0} 0 1 3 0
TIOVERLAP 975 { 345 346 0 0 0 0 0 0 0 0 0 0 0 0 0 0 0 0 0 0} 0 2 3 0
TIOVERLAP 976 { 346 0 0 0 0 0 0 0 0 0 0 0 0 0 0 0 0 0 0 0} 0 1 2 0
TIOVERLAP 977 { 346 347 0 0 0 0 0 0 0 0 0 0 0 0 0 0 0 0 0 0} 0 2 2 0
TIOVERLAP 978 { 347 0 0 0 0 0 0 0 0 0 0 0 0 0 0 0 0 0 0 0} 0 1 4 0
TIOVERLAP 979 { 347 348 0 0 0 0 0 0 0 0 0 0 0 0 0 0 0 0 0 0} 0 2 2 0
TIOVERLAP 980 { 348 0 0 0 0 0 0 0 0 0 0 0 0 0 0 0 0 0 0 0} 0 1 4 0
TIOVERLAP 981 { 348 349 0 0 0 0 0 0 0 0 0 0 0 0 0 0 0 0 0 0} 0 2 2 0
TIOVERLAP 982 { 349 0 0 0 0 0 0 0 0 0 0 0 0 0 0 0 0 0 0 0} 189.784022596 1 16 1
TIOVERLAP 983 { 350 0 0 0 0 0 0 0 0 0 0 0 0 0 0 0 0 0 0 0} 0 1 7 0
TIOVERLAP 984 { 350 351 0 0 0 0 0 0 0 0 0 0 0 0 0 0 0 0 0 0} 0 2 1 0
TIOVERLAP 985 { 351 0 0 0 0 0 0 0 0 0 0 0 0 0 0 0 0 0 0 0} 0 1 1 0
TIOVERLAP 986 { 351 352 0 0 0 0 0 0 0 0 0 0 0 0 0 0 0 0 0 0} 0 2 1 0
TIOVERLAP 987 { 352 0 0 0 0 0 0 0 0 0 0 0 0 0 0 0 0 0 0 0} 0 1 1 0
TIOVERLAP 988 { 373 0 0 0 0 0 0 0 0 0 0 0 0 0 0 0 0 0 0 0} 0 1 4 0
TIOVERLAP 989 { 373 374 0 0 0 0 0 0 0 0 0 0 0 0 0 0 0 0 0 0} 0 2 1 0
TIOVERLAP 990 { 374 0 0 0 0 0 0 0 0 0 0 0 0 0 0 0 0 0 0 0} 0 1 3 0
TIOVERLAP 991 { 374 375 0 0 0 0 0 0 0 0 0 0 0 0 0 0 0 0 0 0} 0 2 3 0
TIOVERLAP 992 { 375 0 0 0 0 0 0 0 0 0 0 0 0 0 0 0 0 0 0 0} 0 1 3 0
TIOVERLAP 993 { 375 376 0 0 0 0 0 0 0 0 0 0 0 0 0 0 0 0 0 0} 0 2 4 0
TIOVERLAP 994 { 376 0 0 0 0 0 0 0 0 0 0 0 0 0 0 0 0 0 0 0} 0 1 2 0
TIOVERLAP 995 { 376 377 0 0 0 0 0 0 0 0 0 0 0 0 0 0 0 0 0 0} 0 2 3 0
TIOVERLAP 996 { 377 0 0 0 0 0 0 0 0 0 0 0 0 0 0 0 0 0 0 0} 0 1 3 0
TIOVERLAP 997 { 377 378 0 0 0 0 0 0 0 0 0 0 0 0 0 0 0 0 0 0} 0 2 2 0
TIOVERLAP 998 { 378 0 0 0 0 0 0 0 0 0 0 0 0 0 0 0 0 0 0 0} 0 1 4 0
TIOVERLAP 999 { 378 379 0 0 0 0 0 0 0 0 0 0 0 0 0 0 0 0 0 0} 0 2 2 0
TIOVERLAP 1000 { 379 0 0 0 0 0 0 0 0 0 0 0 0 0 0 0 0 0 0 0} 0 1 4 0
TIOVERLAP 1001 { 379 380 0 0 0 0 0 0 0 0 0 0 0 0 0 0 0 0 0 0} 0 2 2 0
TIOVERLAP 1002 { 380 0 0 0 0 0 0 0 0 0 0 0 0 0 0 0 0 0 0 0} 0 1 4 0
TIOVERLAP 1003 { 380 381 0 0 0 0 0 0 0 0 0 0 0 0 0 0 0 0 0 0} 0 2 4 0
TIOVERLAP 1004 { 381 0 0 0 0 0 0 0 0 0 0 0 0 0 0 0 0 0 0 0} 0 1 2 0
TIOVERLAP 1005 { 381 382 0 0 0 0 0 0 0 0 0 0 0 0 0 0 0 0 0 0} 0 2 4 0
TIOVERLAP 1006 { 382 0 0 0 0 0 0 0 0 0 0 0 0 0 0 0 0 0 0 0} 0 1 3 0
TIOVERLAP 1007 { 382 383 0 0 0 0 0 0 0 0 0 0 0 0 0 0 0 0 0 0} 0 2 1 0
TIOVERLAP 1008 { 383 0 0 0 0 0 0 0 0 0 0 0 0 0 0 0 0 0 0 0} 0 1 1 0
TIOVERLAP 1009 { 383 384 0 0 0 0 0 0 0 0 0 0 0 0 0 0 0 0 0 0} 0 2 1 0
TIOVERLAP 1010 { 384 0 0 0 0 0 0 0 0 0 0 0 0 0 0 0 0 0 0 0} 0 1 1 0
TIOVERLAP 1011 { 384 385 0 0 0 0 0 0 0 0 0 0 0 0 0 0 0 0 0 0} 0 2 1 0
TIOVERLAP 1012 { 385 0 0 0 0 0 0 0 0 0 0 0 0 0 0 0 0 0 0 0} 0 1 1 0
TIOVERLAP 1013 { 386 0 0 0 0 0 0 0 0 0 0 0 0 0 0 0 0 0 0 0} 0 1 1 0
TIOVERLAP 1014 { 387 0 0 0 0 0 0 0 0 0 0 0 0 0 0 0 0 0 0 0} 0 1 2 0
TIOVERLAP 1015 { 387 401 0 0 0 0 0 0 0 0 0 0 0 0 0 0 0 0 0 0} 0 2 2 0
TIOVERLAP 1016 { 387 401 421 0 0 0 0 0 0 0 0 0 0 0 0 0 0 0 0 0} 0 3 1 0
TIOVERLAP 1017 { 387 414 0 0 0 0 0 0 0 0 0 0 0 0 0 0 0 0 0 0} 0 2 1 0
TIOVERLAP 1018 { 387 421 0 0 0 0 0 0 0 0 0 0 0 0 0 0 0 0 0 0} 0 2 1 0
TIOVERLAP 1019 { 388 0 0 0 0 0 0 0 0 0 0 0 0 0 0 0 0 0 0 0} 0 1 3 0
TIOVERLAP 1020 { 388 390 0 0 0 0 0 0 0 0 0 0 0 0 0 0 0 0 0 0} 0 2 1 0
TIOVERLAP 1021 { 388 400 0 0 0 0 0 0 0 0 0 0 0 0 0 0 0 0 0 0} 0 2 3 0
TIOVERLAP 1022 { 388 410 0 0 0 0 0 0 0 0 0 0 0 0 0 0 0 0 0 0} 0 2 3 0
TIOVERLAP 1023 { 388 410 415 0 0 0 0 0 0 0 0 0 0 0 0 0 0 0 0 0} 0 3 1 0
TIOVERLAP 1024 { 388 415 0 0 0 0 0 0 0 0 0 0 0 0 0 0 0 0 0 0} 0 2 1 0
TIOVERLAP 1025 { 389 0 0 0 0 0 0 0 0 0 0 0 0 0 0 0 0 0 0 0} 0 1 2 0
TIOVERLAP 1026 { 389 390 0 0 0 0 0 0 0 0 0 0 0 0 0 0 0 0 0 0} 0 2 1 0
TIOVERLAP 1027 { 389 390 392 0 0 0 0 0 0 0 0 0 0 0 0 0 0 0 0 0} 0 3 1 0
TIOVERLAP 1028 { 389 392 0 0 0 0 0 0 0 0 0 0 0 0 0 0 0 0 0 0} 0 2 2 0
TIOVERLAP 1029 { 389 392 395 0 0 0 0 0 0 0 0 0 0 0 0 0 0 0 0 0} 0 3 1 0
TIOVERLAP 1030 { 389 395 0 0 0 0 0 0 0 0 0 0 0 0 0 0 0 0 0 0} 0 2 2 0
TIOVERLAP 1031 { 389 395 398 0 0 0 0 0 0 0 0 0 0 0 0 0 0 0 0 0} 0 3 1 0
TIOVERLAP 1032 { 389 398 0 0 0 0 0 0 0 0 0 0 0 0 0 0 0 0 0 0} 0 2 1 0
TIOVERLAP 1033 { 390 0 0 0 0 0 0 0 0 0 0 0 0 0 0 0 0 0 0 0} 0 1 2 0
TIOVERLAP 1034 { 390 392 0 0 0 0 0 0 0 0 0 0 0 0 0 0 0 0 0 0} 0 2 2 0
TIOVERLAP 1035 { 390 392 400 0 0 0 0 0 0 0 0 0 0 0 0 0 0 0 0 0} 0 3 1 0
TIOVERLAP 1036 { 390 400 0 0 0 0 0 0 0 0 0 0 0 0 0 0 0 0 0 0} 0 2 2 0
TIOVERLAP 1037 { 391 0 0 0 0 0 0 0 0 0 0 0 0 0 0 0 0 0 0 0} 0 1 2 0
TIOVERLAP 1038 { 391 414 0 0 0 0 0 0 0 0 0 0 0 0 0 0 0 0 0 0} 0 2 1 0
TIOVERLAP 1039 { 391 414 419 0 0 0 0 0 0 0 0 0 0 0 0 0 0 0 0 0} 0 3 1 0
TIOVERLAP 1040 { 391 419 0 0 0 0 0 0 0 0 0 0 0 0 0 0 0 0 0 0} 0 2 2 0
TIOVERLAP 1041 { 391 419 424 0 0 0 0 0 0 0 0 0 0 0 0 0 0 0 0 0} 0 3 1 0
TIOVERLAP 1042 { 391 420 0 0 0 0 0 0 0 0 0 0 0 0 0 0 0 0 0 0} 0 2 1 0
TIOVERLAP 1043 { 391 424 0 0 0 0 0 0 0 0 0 0 0 0 0 0 0 0 0 0} 0 2 2 0
TIOVERLAP 1044 { 392 0 0 0 0 0 0 0 0 0 0 0 0 0 0 0 0 0 0 0} 0 1 2 0
TIOVERLAP 1045 { 392 395 0 0 0 0 0 0 0 0 0 0 0 0 0 0 0 0 0 0} 0 2 1 0
TIOVERLAP 1046 { 392 400 0 0 0 0 0 0 0 0 0 0 0 0 0 0 0 0 0 0} 0 2 1 0
TIOVERLAP 1047 { 393 0 0 0 0 0 0 0 0 0 0 0 0 0 0 0 0 0 0 0} 0 1 3 0
TIOVERLAP 1048 { 393 394 0 0 0 0 0 0 0 0 0 0 0 0 0 0 0 0 0 0} 0 2 1 0
TIOVERLAP 1049 { 393 399 0 0 0 0 0 0 0 0 0 0 0 0 0 0 0 0 0 0} 0 2 1 0
TIOVERLAP 1050 { 394 0 0 0 0 0 0 0 0 0 0 0 0 0 0 0 0 0 0 0} 0 1 3 0
TIOVERLAP 1051 { 395 0 0 0 0 0 0 0 0 0 0 0 0 0 0 0 0 0 0 0} 0 1 2 0
TIOVERLAP 1052 { 395 398 0 0 0 0 0 0 0 0 0 0 0 0 0 0 0 0 0 0} 0 2 2 0
TIOVERLAP 1053 { 395 398 404 0 0 0 0 0 0 0 0 0 0 0 0 0 0 0 0 0} 0 3 1 0
TIOVERLAP 1054 { 395 404 0 0 0 0 0 0 0 0 0 0 0 0 0 0 0 0 0 0} 0 2 1 0
TIOVERLAP 1055 { 396 0 0 0 0 0 0 0 0 0 0 0 0 0 0 0 0 0 0 0} 0 1 4 0
TIOVERLAP 1056 { 396 397 0 0 0 0 0 0 0 0 0 0 0 0 0 0 0 0 0 0} 0 2 2 0
TIOVERLAP 1057 { 396 402 0 0 0 0 0 0 0 0 0 0 0 0 0 0 0 0 0 0} 0 2 1 0
TIOVERLAP 1058 { 397 0 0 0 0 0 0 0 0 0 0 0 0 0 0 0 0 0 0 0} 0 1 3 0
TIOVERLAP 1059 { 397 416 0 0 0 0 0 0 0 0 0 0 0 0 0 0 0 0 0 0} 0 2 1 0
TIOVERLAP 1060 { 398 0 0 0 0 0 0 0 0 0 0 0 0 0 0 0 0 0 0 0} 0 1 2 0
TIOVERLAP 1061 { 398 404 0 0 0 0 0 0 0 0 0 0 0 0 0 0 0 0 0 0} 0 2 2 0
TIOVERLAP 1062 { 398 404 409 0 0 0 0 0 0 0 0 0 0 0 0 0 0 0 0 0} 0 3 1 0
TIOVERLAP 1063 { 398 409 0 0 0 0 0 0 0 0 0 0 0 0 0 0 0 0 0 0} 0 2 1 0
TIOVERLAP 1064 { 399 0 0 0 0 0 0 0 0 0 0 0 0 0 0 0 0 0 0 0} 0 1 3 0
TIOVERLAP 1065 { 399 411 0 0 0 0 0 0 0 0 0 0 0 0 0 0 0 0 0 0} 0 2 1 0
TIOVERLAP 1066 { 400 0 0 0 0 0 0 0 0 0 0 0 0 0 0 0 0 0 0 0} 0 1 3 0
TIOVERLAP 1067 { 400 410 0 0 0 0 0 0 0 0 0 0 0 0 0 0 0 0 0 0} 0 2 1 0
TIOVERLAP 1068 { 401 0 0 0 0 0 0 0 0 0 0 0 0 0 0 0 0 0 0 0} 0 1 2 0
TIOVERLAP 1069 { 401 405 0 0 0 0 0 0 0 0 0 0 0 0 0 0 0 0 0 0} 0 2 1 0
TIOVERLAP 1070 { 401 414 0 0 0 0 0 0 0 0 0 0 0 0 0 0 0 0 0 0} 0 2 1 0
TIOVERLAP 1071 { 401 421 0 0 0 0 0 0 0 0 0 0 0 0 0 0 0 0 0 0} 0 2 2 0
TIOVERLAP 1072 { 402 0 0 0 0 0 0 0 0 0 0 0 0 0 0 0 0 0 0 0} 0 1 4 0
TIOVERLAP 1073 { 402 406 0 0 0 0 0 0 0 0 0 0 0 0 0 0 0 0 0 0} 0 2 1 0
TIOVERLAP 1074 { 403 0 0 0 0 0 0 0 0 0 0 0 0 0 0 0 0 0 0 0} 0 1 2 0
TIOVERLAP 1075 { 403 412 0 0 0 0 0 0 0 0 0 0 0 0 0 0 0 0 0 0} 0 2 2 0
TIOVERLAP 1076 { 403 413 0 0 0 0 0 0 0 0 0 0 0 0 0 0 0 0 0 0} 0 2 1 0
TIOVERLAP 1077 { 403 418 0 0 0 0 0 0 0 0 0 0 0 0 0 0 0 0 0 0} 0 2 1 0
TIOVERLAP 1078 { 403 418 423 0 0 0 0 0 0 0 0 0 0 0 0 0 0 0 0 0} 0 3 2 0
TIOVERLAP 1079 { 403 423 0 0 0 0 0 0 0 0 0 0 0 0 0 0 0 0 0 0} 0 2 2 0
TIOVERLAP 1080 { 404 0 0 0 0 0 0 0 0 0 0 0 0 0 0 0 0 0 0 0} 0 1 2 0
TIOVERLAP 1081 { 404 409 0 0 0 0 0 0 0 0 0 0 0 0 0 0 0 0 0 0} 0 2 2 0
TIOVERLAP 1082 { 405 0 0 0 0 0 0 0 0 0 0 0 0 0 0 0 0 0 0 0} 0 1 2 0
TIOVERLAP 1083 { 405 408 0 0 0 0 0 0 0 0 0 0 0 0 0 0 0 0 0 0} 0 2 2 0
TIOVERLAP 1084 { 405 413 0 0 0 0 0 0 0 0 0 0 0 0 0 0 0 0 0 0} 0 2 1 0
TIOVERLAP 1085 { 405 421 0 0 0 0 0 0 0 0 0 0 0 0 0 0 0 0 0 0} 0 2 2 0
TIOVERLAP 1086 { 406 0 0 0 0 0 0 0 0 0 0 0 0 0 0 0 0 0 0 0} 0 1 3 0
TIOVERLAP 1087 { 406 407 0 0 0 0 0 0 0 0 0 0 0 0 0 0 0 0 0 0} 0 2 1 0
TIOVERLAP 1088 { 407 0 0 0 0 0 0 0 0 0 0 0 0 0 0 0 0 0 0 0} 0 1 3 0
TIOVERLAP 1089 { 407 409 0 0 0 0 0 0 0 0 0 0 0 0 0 0 0 0 0 0} 0 2 1 0
TIOVERLAP 1090 { 408 0 0 0 0 0 0 0 0 0 0 0 0 0 0 0 0 0 0 0} 0 1 2 0
TIOVERLAP 1091 { 408 412 0 0 0 0 0 0 0 0 0 0 0 0 0 0 0 0 0 0} 0 2 1 0
TIOVERLAP 1092 { 408 413 0 0 0 0 0 0 0 0 0 0 0 0 0 0 0 0 0 0} 0 2 2 0
TIOVERLAP 1093 { 408 421 0 0 0 0 0 0 0 0 0 0 0 0 0 0 0 0 0 0} 0 2 1 0
TIOVERLAP 1094 { 409 0 0 0 0 0 0 0 0 0 0 0 0 0 0 0 0 0 0 0} 0 1 2 0
TIOVERLAP 1095 { 410 0 0 0 0 0 0 0 0 0 0 0 0 0 0 0 0 0 0 0} 0 1 3 0
TIOVERLAP 1096 { 410 415 0 0 0 0 0 0 0 0 0 0 0 0 0 0 0 0 0 0} 0 2 2 0
TIOVERLAP 1097 { 410 415 417 0 0 0 0 0 0 0 0 0 0 0 0 0 0 0 0 0} 0 3 1 0
TIOVERLAP 1098 { 410 417 0 0 0 0 0 0 0 0 0 0 0 0 0 0 0 0 0 0} 0 2 1 0
TIOVERLAP 1099 { 411 0 0 0 0 0 0 0 0 0 0 0 0 0 0 0 0 0 0 0} 0 1 2 0
TIOVERLAP 1100 { 411 422 0 0 0 0 0 0 0 0 0 0 0 0 0 0 0 0 0 0} 0 2 1 0
TIOVERLAP 1101 { 412 0 0 0 0 0 0 0 0 0 0 0 0 0 0 0 0 0 0 0} 0 1 2 0
TIOVERLAP 1102 { 412 413 0 0 0 0 0 0 0 0 0 0 0 0 0 0 0 0 0 0} 0 2 2 0
TIOVERLAP 1103 { 413 0 0 0 0 0 0 0 0 0 0 0 0 0 0 0 0 0 0 0} 0 1 2 0
TIOVERLAP 1104 { 414 0 0 0 0 0 0 0 0 0 0 0 0 0 0 0 0 0 0 0} 0 1 1 0
TIOVERLAP 1105 { 414 419 0 0 0 0 0 0 0 0 0 0 0 0 0 0 0 0 0 0} 0 2 1 0
TIOVERLAP 1106 { 415 0 0 0 0 0 0 0 0 0 0 0 0 0 0 0 0 0 0 0} 0 1 2 0
TIOVERLAP 1107 { 415 417 0 0 0 0 0 0 0 0 0 0 0 0 0 0 0 0 0 0} 0 2 2 0
TIOVERLAP 1108 { 415 417 420 0 0 0 0 0 0 0 0 0 0 0 0 0 0 0 0 0} 0 3 1 0
TIOVERLAP 1109 { 415 420 0 0 0 0 0 0 0 0 0 0 0 0 0 0 0 0 0 0} 0 2 1 0
TIOVERLAP 1110 { 416 0 0 0 0 0 0 0 0 0 0 0 0 0 0 0 0 0 0 0} 0 1 3 0
TIOVERLAP 1111 { 416 422 0 0 0 0 0 0 0 0 0 0 0 0 0 0 0 0 0 0} 0 2 1 0
TIOVERLAP 1112 { 417 0 0 0 0 0 0 0 0 0 0 0 0 0 0 0 0 0 0 0} 0 1 2 0
TIOVERLAP 1113 { 417 420 0 0 0 0 0 0 0 0 0 0 0 0 0 0 0 0 0 0} 0 2 2 0
TIOVERLAP 1114 { 417 420 424 0 0 0 0 0 0 0 0 0 0 0 0 0 0 0 0 0} 0 3 1 0
TIOVERLAP 1115 { 417 424 0 0 0 0 0 0 0 0 0 0 0 0 0 0 0 0 0 0} 0 2 1 0
TIOVERLAP 1116 { 418 0 0 0 0 0 0 0 0 0 0 0 0 0 0 0 0 0 0 0} 0 1 1 0
TIOVERLAP 1117 { 418 423 0 0 0 0 0 0 0 0 0 0 0 0 0 0 0 0 0 0} 0 2 3 0
TIOVERLAP 1118 { 419 0 0 0 0 0 0 0 0 0 0 0 0 0 0 0 0 0 0 0} 0 1 2 0
TIOVERLAP 1119 { 419 424 0 0 0 0 0 0 0 0 0 0 0 0 0 0 0 0 0 0} 0 2 1 0
TIOVERLAP 1120 { 420 0 0 0 0 0 0 0 0 0 0 0 0 0 0 0 0 0 0 0} 0 1 2 0
TIOVERLAP 1121 { 420 424 0 0 0 0 0 0 0 0 0 0 0 0 0 0 0 0 0 0} 0 2 2 0
TIOVERLAP 1122 { 421 0 0 0 0 0 0 0 0 0 0 0 0 0 0 0 0 0 0 0} 0 1 2 0
TIOVERLAP 1123 { 422 0 0 0 0 0 0 0 0 0 0 0 0 0 0 0 0 0 0 0} 0 1 2 0
TIOVERLAP 1124 { 423 0 0 0 0 0 0 0 0 0 0 0 0 0 0 0 0 0 0 0} 0 1 3 0
TIOVERLAP 1125 { 424 0 0 0 0 0 0 0 0 0 0 0 0 0 0 0 0 0 0 0} 0 1 2 0
TIOVERLAP 1126 { 425 0 0 0 0 0 0 0 0 0 0 0 0 0 0 0 0 0 0 0} 0 1 1 0
TIOVERLAP 1127 { 425 426 0 0 0 0 0 0 0 0 0 0 0 0 0 0 0 0 0 0} 0 2 1 0
TIOVERLAP 1128 { 426 0 0 0 0 0 0 0 0 0 0 0 0 0 0 0 0 0 0 0} 0 1 1 0
TIOVERLAP 1129 { 426 427 0 0 0 0 0 0 0 0 0 0 0 0 0 0 0 0 0 0} 0 2 1 0
TIOVERLAP 1130 { 426 427 428 0 0 0 0 0 0 0 0 0 0 0 0 0 0 0 0 0} 0 3 1 0
TIOVERLAP 1131 { 427 0 0 0 0 0 0 0 0 0 0 0 0 0 0 0 0 0 0 0} 0 1 2 0
TIOVERLAP 1132 { 427 428 0 0 0 0 0 0 0 0 0 0 0 0 0 0 0 0 0 0} 0 2 1 0
TIOVERLAP 1133 { 428 0 0 0 0 0 0 0 0 0 0 0 0 0 0 0 0 0 0 0} 0 1 1 0
TIOVERLAP 1134 { 428 429 0 0 0 0 0 0 0 0 0 0 0 0 0 0 0 0 0 0} 0 2 1 0
TIOVERLAP 1135 { 429 0 0 0 0 0 0 0 0 0 0 0 0 0 0 0 0 0 0 0} 0 1 1 0
TIOVERLAP 1136 { 429 430 0 0 0 0 0 0 0 0 0 0 0 0 0 0 0 0 0 0} 0 2 1 0
TIOVERLAP 1137 { 430 0 0 0 0 0 0 0 0 0 0 0 0 0 0 0 0 0 0 0} 0 1 1 0
TIOVERLAP 1138 { 430 431 0 0 0 0 0 0 0 0 0 0 0 0 0 0 0 0 0 0} 0 2 1 0
TIOVERLAP 1139 { 431 0 0 0 0 0 0 0 0 0 0 0 0 0 0 0 0 0 0 0} 0 1 1 0
TIOVERLAP 1140 { 431 432 0 0 0 0 0 0 0 0 0 0 0 0 0 0 0 0 0 0} 0 2 1 0
TIOVERLAP 1141 { 432 0 0 0 0 0 0 0 0 0 0 0 0 0 0 0 0 0 0 0} 0 1 1 0
TIOVERLAP 1142 { 432 433 0 0 0 0 0 0 0 0 0 0 0 0 0 0 0 0 0 0} 0 2 1 0
TIOVERLAP 1143 { 433 0 0 0 0 0 0 0 0 0 0 0 0 0 0 0 0 0 0 0} 0 1 1 0
TIOVERLAP 1144 { 433 434 0 0 0 0 0 0 0 0 0 0 0 0 0 0 0 0 0 0} 0 2 1 0
TIOVERLAP 1145 { 434 0 0 0 0 0 0 0 0 0 0 0 0 0 0 0 0 0 0 0} 0 1 1 0
TIOVERLAP 1146 { 434 435 0 0 0 0 0 0 0 0 0 0 0 0 0 0 0 0 0 0} 0 2 1 0
TIOVERLAP 1147 { 435 0 0 0 0 0 0 0 0 0 0 0 0 0 0 0 0 0 0 0} 0 1 1 0
TIOVERLAP 1148 { 436 0 0 0 0 0 0 0 0 0 0 0 0 0 0 0 0 0 0 0} 0 1 4 0
TIOVERLAP 1149 { 436 437 0 0 0 0 0 0 0 0 0 0 0 0 0 0 0 0 0 0} 0 2 1 0
TIOVERLAP 1150 { 437 0 0 0 0 0 0 0 0 0 0 0 0 0 0 0 0 0 0 0} 0 1 1 0
TIOVERLAP 1151 { 437 438 0 0 0 0 0 0 0 0 0 0 0 0 0 0 0 0 0 0} 0 2 1 0
TIOVERLAP 1152 { 438 0 0 0 0 0 0 0 0 0 0 0 0 0 0 0 0 0 0 0} 0 1 3 0
TIOVERLAP 1153 { 438 439 0 0 0 0 0 0 0 0 0 0 0 0 0 0 0 0 0 0} 0 2 2 0
TIOVERLAP 1154 { 439 0 0 0 0 0 0 0 0 0 0 0 0 0 0 0 0 0 0 0} 0 1 1 0
TIOVERLAP 1155 { 439 440 0 0 0 0 0 0 0 0 0 0 0 0 0 0 0 0 0 0} 0 2 1 0
TIOVERLAP 1156 { 440 0 0 0 0 0 0 0 0 0 0 0 0 0 0 0 0 0 0 0} 0 1 1 0
TIOVERLAP 1157 { 440 441 0 0 0 0 0 0 0 0 0 0 0 0 0 0 0 0 0 0} 0 2 1 0
TIOVERLAP 1158 { 441 0 0 0 0 0 0 0 0 0 0 0 0 0 0 0 0 0 0 0} 0 1 1 0
TIOVERLAP 1159 { 441 442 0 0 0 0 0 0 0 0 0 0 0 0 0 0 0 0 0 0} 0 2 1 0
TIOVERLAP 1160 { 442 0 0 0 0 0 0 0 0 0 0 0 0 0 0 0 0 0 0 0} 0 1 1 0
TIOVERLAP 1161 { 442 443 0 0 0 0 0 0 0 0 0 0 0 0 0 0 0 0 0 0} 0 2 2 0
TIOVERLAP 1162 { 443 0 0 0 0 0 0 0 0 0 0 0 0 0 0 0 0 0 0 0} 0 1 1 0
TIOVERLAP 1163 { 443 444 0 0 0 0 0 0 0 0 0 0 0 0 0 0 0 0 0 0} 0 2 1 0
TIOVERLAP 1164 { 444 0 0 0 0 0 0 0 0 0 0 0 0 0 0 0 0 0 0 0} 0 1 1 0
TIOVERLAP 1165 { 444 445 0 0 0 0 0 0 0 0 0 0 0 0 0 0 0 0 0 0} 0 2 1 0
TIOVERLAP 1166 { 445 0 0 0 0 0 0 0 0 0 0 0 0 0 0 0 0 0 0 0} 0 1 1 0
TIOVERLAP 1167 { 445 446 0 0 0 0 0 0 0 0 0 0 0 0 0 0 0 0 0 0} 0 2 1 0
TIOVERLAP 1168 { 446 0 0 0 0 0 0 0 0 0 0 0 0 0 0 0 0 0 0 0} 0 1 1 0
TIOVERLAP 1169 { 446 447 0 0 0 0 0 0 0 0 0 0 0 0 0 0 0 0 0 0} 0 2 1 0
TIOVERLAP 1170 { 447 0 0 0 0 0 0 0 0 0 0 0 0 0 0 0 0 0 0 0} 0 1 1 0
TIOVERLAP 1171 { 447 448 0 0 0 0 0 0 0 0 0 0 0 0 0 0 0 0 0 0} 0 2 1 0
TIOVERLAP 1172 { 448 0 0 0 0 0 0 0 0 0 0 0 0 0 0 0 0 0 0 0} 0 1 1 0
TIOVERLAP 1173 { 448 449 0 0 0 0 0 0 0 0 0 0 0 0 0 0 0 0 0 0} 0 2 1 0
TIOVERLAP 1174 { 449 0 0 0 0 0 0 0 0 0 0 0 0 0 0 0 0 0 0 0} 0 1 1 0
TIOVERLAP 1175 { 449 450 0 0 0 0 0 0 0 0 0 0 0 0 0 0 0 0 0 0} 0 2 1 0
TIOVERLAP 1176 { 450 0 0 0 0 0 0 0 0 0 0 0 0 0 0 0 0 0 0 0} 0 1 1 0
TIOVERLAP 1177 { 450 451 0 0 0 0 0 0 0 0 0 0 0 0 0 0 0 0 0 0} 0 2 1 0
TIOVERLAP 1178 { 451 0 0 0 0 0 0 0 0 0 0 0 0 0 0 0 0 0 0 0} 0 1 1 0
TIOVERLAP 1179 { 451 452 0 0 0 0 0 0 0 0 0 0 0 0 0 0 0 0 0 0} 0 2 1 0
TIOVERLAP 1180 { 452 0 0 0 0 0 0 0 0 0 0 0 0 0 0 0 0 0 0 0} 189.784022596 1 1 1
TIOVERLAP 1181 { 452 453 0 0 0 0 0 0 0 0 0 0 0 0 0 0 0 0 0 0} 0 2 1 0
TIOVERLAP 1182 { 453 0 0 0 0 0 0 0 0 0 0 0 0 0 0 0 0 0 0 0} 0 1 1 0
TIOVERLAP 1183 { 453 454 0 0 0 0 0 0 0 0 0 0 0 0 0 0 0 0 0 0} 0 2 1 0
TIOVERLAP 1184 { 454 0 0 0 0 0 0 0 0 0 0 0 0 0 0 0 0 0 0 0} 0 1 1 0
TIOVERLAP 1185 { 454 455 0 0 0 0 0 0 0 0 0 0 0 0 0 0 0 0 0 0} 0 2 1 0
TIOVERLAP 1186 { 455 0 0 0 0 0 0 0 0 0 0 0 0 0 0 0 0 0 0 0} 0 1 1 0
TIOVERLAP 1187 { 455 456 0 0 0 0 0 0 0 0 0 0 0 0 0 0 0 0 0 0} 0 2 1 0
TIOVERLAP 1188 { 456 0 0 0 0 0 0 0 0 0 0 0 0 0 0 0 0 0 0 0} 0 1 1 0
TIOVERLAP 1189 { 456 457 0 0 0 0 0 0 0 0 0 0 0 0 0 0 0 0 0 0} 0 2 1 0
TIOVERLAP 1190 { 457 0 0 0 0 0 0 0 0 0 0 0 0 0 0 0 0 0 0 0} 0 1 1 0
TIOVERLAP 1191 { 457 458 0 0 0 0 0 0 0 0 0 0 0 0 0 0 0 0 0 0} 0 2 1 0
TIOVERLAP 1192 { 458 0 0 0 0 0 0 0 0 0 0 0 0 0 0 0 0 0 0 0} 0 1 1 0
TIOVERLAP 1193 { 458 459 0 0 0 0 0 0 0 0 0 0 0 0 0 0 0 0 0 0} 0 2 1 0
TIOVERLAP 1194 { 459 0 0 0 0 0 0 0 0 0 0 0 0 0 0 0 0 0 0 0} 0 1 1 0

