# Created on Tue Mar 18 15:24:30 2003
# vagc version v1_6_19

typedef struct {
 int tileid;
 double racen;
 double deccen;
 int ntargets;
 int chunk;
} FULLTILE;


FULLTILE 73 234.57331 -0.0030670000 588 4
FULLTILE 74 232.74514 0.012261000 588 4
FULLTILE 75 230.90474 -0.021461000 588 4
FULLTILE 76 229.07662 0.024522000 588 4
FULLTILE 77 227.28224 0.024523000 584 4
FULLTILE 78 225.86177 0.0061310000 548 4
FULLTILE 79 223.63207 0.024523000 528 4
FULLTILE 80 221.64147 -0.061306000 494 4
FULLTILE 81 219.72444 0.055176000 524 4
FULLTILE 82 217.88097 -0.082764000 580 4
FULLTILE 83 216.30729 0.033721000 588 4
FULLTILE 84 214.51290 0.0000000 588 4
FULLTILE 85 213.41713 0.067436000 588 4
FULLTILE 86 211.72079 -0.049045000 563 4
FULLTILE 87 209.62012 -0.055177000 518 4
FULLTILE 88 207.22487 -0.012261000 513 4
FULLTILE 89 205.35689 0.0061300000 534 4
FULLTILE 90 203.46438 -0.0061310000 515 4
FULLTILE 91 201.56576 -0.0061310000 583 4
FULLTILE 92 199.86940 0.067442000 588 4
FULLTILE 93 198.09957 -0.018393000 588 4
FULLTILE 94 196.50749 0.088895000 571 4
FULLTILE 95 194.45554 0.0030670000 482 4
FULLTILE 96 192.58141 -0.024523000 540 4
FULLTILE 97 190.72571 -0.036784000 583 4
FULLTILE 98 188.93132 0.030653000 547 4
FULLTILE 99 186.70777 -0.018393000 498 4
FULLTILE 100 184.84589 -0.018393000 543 4
FULLTILE 101 183.15568 0.018392000 540 4
FULLTILE 102 181.30612 0.0091920000 568 4
FULLTILE 103 179.56076 -0.015336000 588 4
FULLTILE 104 177.98096 -0.064377000 588 4
FULLTILE 105 175.97499 -0.0030670000 550 4
FULLTILE 106 173.76983 -0.11955200 488 4
FULLTILE 107 171.87726 0.11036700 543 4
FULLTILE 108 170.44771 0.16552800 579 4
FULLTILE 109 168.86175 -0.0061310000 588 4
FULLTILE 110 167.02750 0.027590000 588 4
FULLTILE 111 165.23000 0.0061310000 533 4
FULLTILE 112 163.38043 0.042915000 516 4
FULLTILE 113 161.46643 -0.0061330000 574 4
FULLTILE 114 159.74866 0.018393000 587 4
FULLTILE 115 157.90213 0.0091970000 535 4
FULLTILE 116 156.01887 0.018392000 578 4
FULLTILE 117 154.26433 0.024524000 588 4
FULLTILE 118 152.46070 0.0061310000 588 4
FULLTILE 119 150.62949 0.0000000 588 4
FULLTILE 120 149.06185 0.079698000 588 4
FULLTILE 121 147.73317 -0.030653000 588 4
FULLTILE 122 145.89281 0.061309000 565 4
FULLTILE 125 200.10853 -2.4240950 544 5
FULLTILE 126 198.13022 -2.2431780 539 5
FULLTILE 127 196.27486 -2.6015360 554 5
FULLTILE 128 194.47984 -2.2984650 563 5
FULLTILE 129 192.81739 -2.5373160 564 5
FULLTILE 130 191.14254 -2.3594460 564 5
FULLTILE 131 189.43696 -2.4636610 542 5
FULLTILE 132 187.03263 -2.5126120 551 5
FULLTILE 133 184.76545 -2.4700430 556 5
FULLTILE 134 182.76218 -2.4025950 552 5
FULLTILE 135 180.44945 -2.4885910 553 5
FULLTILE 136 178.40033 -2.4454730 579 5
FULLTILE 137 176.69481 -2.3659910 573 5
FULLTILE 138 175.11805 -2.5314630 559 5
FULLTILE 139 173.68252 -2.4179910 548 5
FULLTILE 140 171.79902 -2.3658240 417 5
FULLTILE 141 248.66721 0.042915000 550 6
FULLTILE 142 246.48956 0.036784000 563 6
FULLTILE 143 244.36407 0.021459000 553 6
FULLTILE 144 242.38857 -0.073574000 568 6
FULLTILE 145 240.63704 0.082765000 554 6
FULLTILE 146 239.04171 -0.055176000 556 6
FULLTILE 147 236.88865 0.11648200 494 6
FULLTILE 148 254.14420 63.653010 562 7
FULLTILE 149 258.49750 65.133610 585 7
FULLTILE 150 255.95220 61.619320 592 7
FULLTILE 151 260.00120 63.037320 545 7
FULLTILE 152 257.53620 59.564710 592 7
FULLTILE 153 261.30240 60.927220 466 7
FULLTILE 154 258.93710 57.493190 592 7
FULLTILE 155 262.44140 58.806140 461 7
FULLTILE 156 260.18720 55.407820 470 7
FULLTILE 157 263.44900 56.676190 489 7
FULLTILE 158 261.31150 53.310980 347 7
FULLTILE 159 264.34840 54.538960 483 7
FULLTILE 160 327.90880 -0.0016876550 454 8
FULLTILE 161 329.74630 -0.044059170 492 8
FULLTILE 162 331.79180 -0.0028103310 493 8
FULLTILE 163 333.67720 -0.019266750 502 8
FULLTILE 164 335.61540 -0.018117010 573 8
FULLTILE 165 337.53790 -0.038517770 592 8
FULLTILE 166 339.47290 -0.019937790 592 8
FULLTILE 167 341.41070 -0.037901420 592 8
FULLTILE 168 343.36980 0.030587270 592 8
FULLTILE 169 345.34610 0.0097510990 497 8
FULLTILE 170 347.35760 -0.0051037880 387 8
FULLTILE 171 349.25590 0.028927500 411 8
FULLTILE 172 351.20210 0.11405620 508 8
FULLTILE 173 353.29490 -0.039799170 572 8
FULLTILE 174 355.38960 0.044447770 532 8
FULLTILE 175 357.63220 0.054045520 504 8
FULLTILE 176 359.82430 0.024279430 592 8
FULLTILE 177 1.8246480 -0.0049778200 592 8
FULLTILE 178 3.5598160 -0.024787620 592 8
FULLTILE 179 5.2229110 -0.033242070 591 8
FULLTILE 180 6.9964160 0.045288040 592 8
FULLTILE 181 8.8956360 -0.0020859000 592 8
FULLTILE 182 10.818770 0.036910200 592 8
FULLTILE 183 12.727550 -0.032982200 592 8
FULLTILE 184 14.609110 0.015952670 592 8
FULLTILE 185 16.470330 -0.0037995250 592 8
FULLTILE 186 18.269800 0.018470840 592 8
FULLTILE 187 19.835420 0.0021879340 592 8
FULLTILE 188 21.669960 0.037560090 592 8
FULLTILE 189 23.636740 0.091532690 592 8
FULLTILE 190 25.824680 -0.020840990 592 8
FULLTILE 191 27.906360 0.0018387690 592 8
FULLTILE 192 29.819860 0.010172980 592 8
FULLTILE 193 31.645980 -0.035247690 592 8
FULLTILE 194 33.682930 -0.032862740 566 8
FULLTILE 195 35.882960 0.12501220 472 8
FULLTILE 196 37.846020 -0.059406800 493 8
FULLTILE 197 39.822350 0.036863060 397 8
FULLTILE 198 41.998370 0.0039513790 549 8
FULLTILE 199 43.861640 -0.016990910 463 8
FULLTILE 200 45.787090 -0.016838270 581 8
FULLTILE 201 47.734150 0.0035110590 585 8
FULLTILE 202 49.686790 0.015299320 501 8
FULLTILE 203 51.631370 -0.011810450 544 8
FULLTILE 204 53.522800 0.030693780 523 8
FULLTILE 205 55.491620 0.013752040 458 8
FULLTILE 206 32.771210 13.370330 506 9
FULLTILE 207 30.601680 13.573920 477 9
FULLTILE 208 28.657100 13.804520 592 9
FULLTILE 209 26.732420 13.987620 592 9
FULLTILE 210 24.717990 14.091720 459 9
FULLTILE 211 22.830690 14.318480 427 9
FULLTILE 212 20.976170 14.434310 512 9
FULLTILE 213 19.022580 14.561500 592 9
FULLTILE 214 17.209260 14.685120 592 9
FULLTILE 215 15.225010 14.754420 592 9
FULLTILE 216 13.295290 14.843580 496 9
FULLTILE 217 11.254910 14.925400 445 9
FULLTILE 218 9.4370120 15.003660 389 9
FULLTILE 219 7.5037540 14.985440 309 9
FULLTILE 220 116.59060 38.226750 455 10
FULLTILE 221 113.49300 37.771870 430 10
FULLTILE 222 118.64550 40.354150 414 10
FULLTILE 223 115.28060 40.290120 519 10
FULLTILE 224 120.41440 42.676300 460 10
FULLTILE 225 117.23220 42.587980 402 10
FULLTILE 226 122.59120 44.777290 484 10
FULLTILE 227 119.06230 44.906020 551 10
FULLTILE 228 124.88380 46.704880 508 10
FULLTILE 229 121.31910 47.074810 559 10
FULLTILE 230 127.10420 48.679890 589 10
FULLTILE 231 123.36150 49.094130 592 10
FULLTILE 232 129.47180 50.490800 592 10
FULLTILE 233 125.74850 51.005080 592 10
FULLTILE 234 132.00540 52.117270 592 10
FULLTILE 235 128.00850 52.786690 592 10
FULLTILE 236 134.54920 53.799770 592 10
FULLTILE 237 130.48980 54.499200 592 10
FULLTILE 238 137.36930 55.233230 592 10
FULLTILE 239 133.12640 56.190800 592 10
FULLTILE 240 140.40340 56.637360 526 10
FULLTILE 241 143.36880 58.036870 382 10
FULLTILE 242 146.72270 59.250600 417 10
FULLTILE 274 134.39200 57.025720 245 11
FULLTILE 275 138.12100 58.308630 474 11
FULLTILE 276 141.37330 59.962290 485 11
FULLTILE 277 145.28300 61.217710 592 11
FULLTILE 278 149.19510 63.007080 522 11
FULLTILE 279 153.87580 64.194320 575 11
FULLTILE 280 159.14190 65.270000 396 11
FULLTILE 281 164.56890 66.262410 501 11
FULLTILE 282 170.37930 66.798060 592 11
FULLTILE 283 176.39740 67.240360 592 11
FULLTILE 284 182.34740 67.488110 577 11
FULLTILE 285 188.04650 67.485640 592 11
FULLTILE 286 194.24160 67.253350 592 11
FULLTILE 287 200.67240 66.643000 592 11
FULLTILE 288 206.23560 66.150790 470 11
FULLTILE 289 211.76770 65.075580 558 11
FULLTILE 290 216.64220 64.100520 592 11
FULLTILE 255 126.36050 0.50751300 381 12
FULLTILE 256 128.53170 0.52068500 386 12
FULLTILE 257 130.01490 0.77763640 476 12
FULLTILE 258 131.64260 0.77593850 524 12
FULLTILE 259 133.28630 0.76620470 454 12
FULLTILE 260 134.63240 0.93248870 428 12
FULLTILE 261 136.05690 0.023544770 352 12
FULLTILE 262 136.83680 1.8226150 345 12
FULLTILE 263 138.54910 0.15272560 441 12
FULLTILE 264 139.78520 2.1185570 415 12
FULLTILE 265 141.24690 -0.36821030 457 12
FULLTILE 266 142.34910 1.6372810 592 12
FULLTILE 267 144.26910 -0.32627420 441 12
FULLTILE 268 144.93340 2.1126800 447 12
FULLTILE 269 146.57260 1.4252640 395 12
FULLTILE 270 148.04240 1.6378530 423 12
FULLTILE 271 149.91590 1.8682470 581 12
FULLTILE 272 151.94980 1.9664320 467 12
FULLTILE 273 153.78930 1.9694570 374 12
FULLTILE 243 62.038940 -5.5694260 473 13
FULLTILE 244 59.745250 -5.7375960 586 13
FULLTILE 245 57.496330 -6.0422780 592 13
FULLTILE 246 55.225970 -6.5089510 519 13
FULLTILE 247 52.992410 -6.7736090 553 13
FULLTILE 248 50.599010 -7.0503560 488 13
FULLTILE 249 48.282990 -7.3062520 477 13
FULLTILE 250 45.956350 -7.5617610 459 13
FULLTILE 251 43.763980 -7.8780860 467 13
FULLTILE 252 41.393100 -8.0854030 543 13
FULLTILE 253 39.182540 -8.2721150 440 13
FULLTILE 254 36.929920 -8.5271970 512 13
FULLTILE 291 149.22540 1.8881140 359 14
FULLTILE 292 150.94790 1.9001560 475 14
FULLTILE 293 152.80890 1.9467540 434 14
FULLTILE 294 154.87170 2.0923480 550 14
FULLTILE 295 156.87950 2.0894680 550 14
FULLTILE 296 158.82910 2.1599930 592 14
FULLTILE 297 160.77150 2.1960350 592 14
FULLTILE 298 162.91400 2.1895370 491 14
FULLTILE 299 165.20990 2.4333020 592 14
FULLTILE 300 166.93790 2.1977100 592 14
FULLTILE 301 168.62810 2.3532700 592 14
FULLTILE 302 170.49700 2.2782350 592 14
FULLTILE 303 172.41870 2.3452830 592 14
FULLTILE 304 174.23520 2.3153560 592 14
FULLTILE 305 176.33430 2.4486380 592 14
FULLTILE 306 178.47550 2.4016890 592 14
FULLTILE 307 180.42290 2.4299610 592 14
FULLTILE 308 182.17030 2.4493490 592 14
FULLTILE 309 184.15580 2.4392390 592 14
FULLTILE 310 186.18190 2.5094430 592 14
FULLTILE 311 188.13850 2.4427630 582 14
FULLTILE 312 190.11650 2.5190380 592 14
FULLTILE 313 191.92420 2.3232420 559 14
FULLTILE 314 194.02150 2.4105120 507 14
FULLTILE 315 196.11230 2.3958040 514 14
FULLTILE 316 198.09320 2.2730970 539 14
FULLTILE 317 200.09390 2.3010550 592 14
FULLTILE 318 201.95770 2.2499140 592 14
FULLTILE 319 203.97910 2.2867320 592 14
FULLTILE 320 205.81540 2.2419220 592 14
FULLTILE 321 207.77300 2.3011510 592 14
FULLTILE 322 209.87310 2.0967050 476 14
FULLTILE 323 211.74320 2.1128430 493 14
FULLTILE 324 213.74630 2.1507970 592 14
FULLTILE 325 215.74210 1.9809780 592 14
FULLTILE 326 217.68890 1.9620950 576 14
FULLTILE 327 219.67660 1.8712810 394 14
FULLTILE 328 221.63860 1.8187380 365 14
FULLTILE 329 223.60070 1.7587500 396 14
FULLTILE 330 225.56310 1.7146750 481 14
FULLTILE 331 227.52530 1.6616970 552 14
FULLTILE 332 114.54070 32.665450 425 15
FULLTILE 333 116.36070 34.984560 492 15
FULLTILE 334 118.07570 37.118130 503 15
FULLTILE 335 119.71120 38.903620 568 15
FULLTILE 336 121.39740 40.575560 508 15
FULLTILE 337 123.02740 42.220810 416 15
FULLTILE 338 124.71980 43.775360 396 15
FULLTILE 339 126.48740 45.240260 451 15
FULLTILE 340 128.27680 46.656390 421 15
FULLTILE 341 130.12180 48.009630 370 15
FULLTILE 342 133.98890 50.543700 592 15
FULLTILE 343 136.01420 51.727670 592 15
FULLTILE 344 138.12550 52.854240 592 15
FULLTILE 345 140.31020 53.930180 585 15
FULLTILE 346 142.58120 54.944680 460 15
FULLTILE 347 144.92870 55.910450 412 15
FULLTILE 348 147.36270 56.821800 415 15
FULLTILE 349 149.90700 57.644330 353 15
FULLTILE 350 155.21810 59.108520 395 15
FULLTILE 351 158.07850 59.717380 443 15
FULLTILE 352 161.99040 60.517010 471 15
FULLTILE 373 211.56050 4.4031740 516 17
FULLTILE 374 213.78110 4.2918710 592 17
FULLTILE 375 215.69640 4.1058160 466 17
FULLTILE 376 217.50070 4.0115270 541 17
FULLTILE 377 219.36640 3.9268350 591 17
FULLTILE 378 221.26920 3.8492990 514 17
FULLTILE 379 223.30490 3.8542550 554 17
FULLTILE 380 225.67740 3.7641080 570 17
FULLTILE 381 227.30570 3.5166600 592 17
FULLTILE 382 229.44440 3.4006210 592 17
FULLTILE 383 231.44440 3.4000260 592 17
FULLTILE 384 233.67790 3.2588280 580 17
FULLTILE 385 236.46060 3.0665860 468 17
FULLTILE 386 239.49130 2.9984340 436 17
FULLTILE 387 246.46770 48.920020 592 18
FULLTILE 388 231.51540 55.736440 409 18
FULLTILE 389 225.06150 58.579750 389 18
FULLTILE 390 228.32760 57.288430 448 18
FULLTILE 391 240.09810 50.903600 562 18
FULLTILE 392 229.75150 59.842730 453 18
FULLTILE 393 173.24540 64.444500 486 18
FULLTILE 394 167.69690 63.925490 513 18
FULLTILE 395 226.32310 61.177530 443 18
FULLTILE 396 201.64590 64.000130 477 18
FULLTILE 397 196.98210 64.467000 495 18
FULLTILE 398 221.69790 59.808840 473 18
FULLTILE 399 178.30770 64.827930 489 18
FULLTILE 400 233.07880 58.415040 501 18
FULLTILE 401 245.21660 46.772670 573 18
FULLTILE 402 206.04010 63.448930 507 18
FULLTILE 403 251.87740 39.910520 592 18
FULLTILE 404 222.71990 62.439250 570 18
FULLTILE 405 247.47090 44.454390 592 18
FULLTILE 406 210.06250 62.688770 533 18
FULLTILE 407 214.20260 61.825770 534 18
FULLTILE 408 251.25240 44.510200 592 18
FULLTILE 409 218.05990 60.836450 509 18
FULLTILE 410 236.01790 56.699000 592 18
FULLTILE 411 183.02120 64.881380 570 18
FULLTILE 412 253.50840 42.033050 592 18
FULLTILE 413 249.96080 42.233700 592 18
FULLTILE 414 242.14630 48.668390 592 18
FULLTILE 415 234.60100 54.230130 592 18
FULLTILE 416 192.45660 64.710230 592 18
FULLTILE 417 238.85760 54.985550 592 18
FULLTILE 418 255.57530 39.423500 592 18
FULLTILE 419 243.33550 51.387110 592 18
FULLTILE 420 237.28450 52.634910 592 18
FULLTILE 421 248.99120 46.840100 592 18
FULLTILE 422 187.77450 64.942950 592 18
FULLTILE 423 254.15620 38.275830 592 18
FULLTILE 424 241.72470 53.392410 592 18
FULLTILE 425 327.72150 -7.9562130 592 19
FULLTILE 426 325.90210 -7.8100190 592 19
FULLTILE 427 324.48630 -7.7199260 592 19
FULLTILE 428 323.07670 -7.5120090 592 19
FULLTILE 429 321.23280 -7.2435720 592 19
FULLTILE 430 319.48370 -7.0802150 592 19
FULLTILE 431 317.39190 -6.7851280 592 19
FULLTILE 432 315.53100 -6.5521370 592 19
FULLTILE 433 313.75450 -6.3060900 592 19
FULLTILE 434 311.80320 -5.9386910 592 19
FULLTILE 435 309.88410 -5.8495930 592 19
FULLTILE 436 34.818940 -8.6477310 475 20
FULLTILE 437 32.696040 -9.0076480 572 20
FULLTILE 438 30.592740 -9.0087590 592 20
FULLTILE 439 28.717050 -9.1686950 592 20
FULLTILE 440 26.805290 -9.3102770 592 20
FULLTILE 441 24.937990 -9.3989370 592 20
FULLTILE 442 23.086590 -9.4975110 592 20
FULLTILE 443 21.138550 -9.5932050 564 20
FULLTILE 444 19.241910 -9.7653330 563 20
FULLTILE 445 17.280620 -9.7691180 570 20
FULLTILE 446 15.429490 -9.8612250 592 20
FULLTILE 447 13.556980 -9.8741300 592 20
FULLTILE 448 11.613040 -9.9058230 592 20
FULLTILE 449 9.7807630 -9.9936240 592 20
FULLTILE 450 7.8831890 -10.005640 592 20
FULLTILE 451 6.0163170 -10.008220 507 20
FULLTILE 452 4.0411480 -10.009970 541 20
FULLTILE 453 2.1931100 -9.9595210 512 20
FULLTILE 454 0.22745880 -9.9397700 582 20
FULLTILE 455 358.32740 -9.9484890 592 20
FULLTILE 456 356.36980 -9.8343580 522 20
FULLTILE 457 354.37860 -9.8132410 561 20
FULLTILE 458 352.21850 -9.8333110 592 20
FULLTILE 459 350.02830 -9.6986080 534 20
