skyVersion -1
date 2008 Jan 9

typedef struct {
int run;
int camCol;
int rerun;
int stripeNumber;
char strip[2];
int startMu;
int endMu;
int field0;
int nFields;
char status[20];
int startMuStripe;
int skyVersion;
} TSSEGLONG;

TSSEGLONG 5384 1 40 1020 S 897120 954000 11 112 primary 897120 1
TSSEGLONG 5396 1 40 1020 N 897120 954000 76 112 primary 897120 1
TSSEGLONG 5384 2 40 1020 S 897120 954000 11 112 primary 897120 1
TSSEGLONG 5396 2 40 1020 N 897120 954000 76 112 primary 897120 1
TSSEGLONG 5384 3 40 1020 S 897120 954000 11 112 primary 897120 1
TSSEGLONG 5396 3 40 1020 N 897120 954000 76 112 primary 897120 1
TSSEGLONG 5384 4 40 1020 S 897120 954000 11 112 primary 897120 1
TSSEGLONG 5396 4 40 1020 N 897120 954000 76 112 primary 897120 1
TSSEGLONG 5384 5 40 1020 S 897120 954000 11 112 primary 897120 1
TSSEGLONG 5396 5 40 1020 N 897120 954000 76 112 primary 897120 1
TSSEGLONG 5384 6 40 1020 S 897120 954000 11 112 primary 897120 1
TSSEGLONG 5396 6 40 1020 N 897120 954000 76 112 primary 897120 1
TSSEGLONG 5421 1 40 1062 S 1088280 1117800 155 80 primary 1088280 1
TSSEGLONG 5415 1 40 1062 N 1088280 1117800 11 80 primary 1088280 1
TSSEGLONG 5421 2 40 1062 S 1088280 1117800 155 80 primary 1088280 1
TSSEGLONG 5415 2 40 1062 N 1088280 1117800 11 80 primary 1088280 1
TSSEGLONG 5421 3 40 1062 S 1088280 1117800 155 80 primary 1088280 1
TSSEGLONG 5415 3 40 1062 N 1088280 1117800 11 80 primary 1088280 1
TSSEGLONG 5421 4 40 1062 S 1088280 1117800 155 80 primary 1088280 1
TSSEGLONG 5415 4 40 1062 N 1088280 1117800 11 80 primary 1088280 1
TSSEGLONG 5421 5 40 1062 S 1088280 1117800 155 80 primary 1088280 1
TSSEGLONG 5415 5 40 1062 N 1088280 1117800 11 80 primary 1088280 1
TSSEGLONG 5421 6 40 1062 S 1088280 1117800 155 80 primary 1088280 1
TSSEGLONG 5415 6 40 1062 N 1088280 1117800 11 80 primary 1088280 1
TSSEGLONG 4832 1 40 1100 S 907200 972000 34 121 primary 907200 1
TSSEGLONG 4828 1 40 1100 N 907200 972000 51 122 primary 907200 1
TSSEGLONG 4832 2 40 1100 S 907200 972000 34 121 primary 907200 1
TSSEGLONG 4828 2 40 1100 N 907200 972000 51 122 primary 907200 1
TSSEGLONG 4832 3 40 1100 S 907200 972000 34 121 primary 907200 1
TSSEGLONG 4828 3 40 1100 N 907200 972000 51 122 primary 907200 1
TSSEGLONG 4832 4 40 1100 S 907200 972000 34 121 primary 907200 1
TSSEGLONG 4828 4 40 1100 N 907200 972000 51 122 primary 907200 1
TSSEGLONG 4832 5 40 1100 S 907200 972000 34 121 primary 907200 1
TSSEGLONG 4828 5 40 1100 N 907200 972000 51 122 primary 907200 1
TSSEGLONG 4832 6 40 1100 S 907200 972000 34 121 primary 907200 1
TSSEGLONG 4828 6 40 1100 N 907200 972000 51 122 primary 907200 1
TSSEGLONG 4832 1 40 1100 S 972000 997222 154 50 primary 972000 1
TSSEGLONG 4828 1 40 1100 N 972000 997222 172 50 primary 972000 1
TSSEGLONG 4832 2 40 1100 S 972000 997222 154 50 primary 972000 1
TSSEGLONG 4828 2 40 1100 N 972000 997222 172 50 primary 972000 1
TSSEGLONG 4832 3 40 1100 S 972000 997222 154 50 primary 972000 1
TSSEGLONG 4828 3 40 1100 N 972000 997222 172 50 primary 972000 1
TSSEGLONG 4832 4 40 1100 S 972000 997222 154 50 primary 972000 1
TSSEGLONG 4828 4 40 1100 N 972000 997222 172 50 primary 972000 1
TSSEGLONG 4832 5 40 1100 S 972000 997222 154 50 primary 972000 1
TSSEGLONG 4828 5 40 1100 N 972000 997222 172 50 primary 972000 1
TSSEGLONG 4832 6 40 1100 S 972000 997222 154 50 primary 972000 1
TSSEGLONG 4828 6 40 1100 N 972000 997222 172 50 primary 972000 1
TSSEGLONG 5403 1 40 1140 S 915480 1016280 11 193 primary 915480 1
TSSEGLONG 5416 1 40 1140 N 915480 1016280 11 193 primary 915480 1
TSSEGLONG 5403 2 40 1140 S 915480 1016280 11 193 primary 915480 1
TSSEGLONG 5416 2 40 1140 N 915480 1016280 11 193 primary 915480 1
TSSEGLONG 5403 3 40 1140 S 915480 1016280 11 193 primary 915480 1
TSSEGLONG 5416 3 40 1140 N 915480 1016280 11 193 primary 915480 1
TSSEGLONG 5403 4 40 1140 S 915480 1016280 11 193 primary 915480 1
TSSEGLONG 5416 4 40 1140 N 915480 1016280 11 193 primary 915480 1
TSSEGLONG 5403 5 40 1140 S 915480 1016280 11 193 primary 915480 1
TSSEGLONG 5416 5 40 1140 N 915480 1016280 11 193 primary 915480 1
TSSEGLONG 5403 6 40 1140 S 915480 1016280 11 193 primary 915480 1
TSSEGLONG 5416 6 40 1140 N 915480 1016280 11 193 primary 915480 1
TSSEGLONG 6122 1 40 1188 S 886500 951120 11 121 primary 886500 1
TSSEGLONG 6123 1 40 1188 S 951120 997200 11 86 primary 886500 1
TSSEGLONG 6169 1 40 1188 S 997200 1019880 11 44 primary 886500 1
TSSEGLONG 6182 1 40 1188 S 1019880 1120680 11 187 primary 886500 1
TSSEGLONG 6162 1 40 1188 N 886500 1120680 14 435 primary 886500 1
TSSEGLONG 6122 2 40 1188 S 886500 951120 11 121 primary 886500 1
TSSEGLONG 6123 2 40 1188 S 951120 997200 11 86 primary 886500 1
TSSEGLONG 6169 2 40 1188 S 997200 1019880 11 44 primary 886500 1
TSSEGLONG 6182 2 40 1188 S 1019880 1120680 11 187 primary 886500 1
TSSEGLONG 6162 2 40 1188 N 886500 1120680 14 435 primary 886500 1
TSSEGLONG 6122 3 40 1188 S 886500 951120 11 121 primary 886500 1
TSSEGLONG 6123 3 40 1188 S 951120 997200 11 86 primary 886500 1
TSSEGLONG 6169 3 40 1188 S 997200 1019880 11 44 primary 886500 1
TSSEGLONG 6182 3 40 1188 S 1019880 1120680 11 187 primary 886500 1
TSSEGLONG 6162 3 40 1188 N 886500 1120680 14 435 primary 886500 1
TSSEGLONG 6122 4 40 1188 S 886500 951120 11 121 primary 886500 1
TSSEGLONG 6123 4 40 1188 S 951120 997200 11 86 primary 886500 1
TSSEGLONG 6169 4 40 1188 S 997200 1019880 11 44 primary 886500 1
TSSEGLONG 6182 4 40 1188 S 1019880 1120680 11 187 primary 886500 1
TSSEGLONG 6162 4 40 1188 N 886500 1120680 14 435 primary 886500 1
TSSEGLONG 6122 5 40 1188 S 886500 951120 11 121 primary 886500 1
TSSEGLONG 6123 5 40 1188 S 951120 997200 11 86 primary 886500 1
TSSEGLONG 6169 5 40 1188 S 997200 1019880 11 44 primary 886500 1
TSSEGLONG 6182 5 40 1188 S 1019880 1120680 11 187 primary 886500 1
TSSEGLONG 6162 5 40 1188 N 886500 1120680 14 435 primary 886500 1
TSSEGLONG 6122 6 40 1188 S 886500 951120 11 121 primary 886500 1
TSSEGLONG 6123 6 40 1188 S 951120 997200 11 86 primary 886500 1
TSSEGLONG 6169 6 40 1188 S 997200 1019880 11 44 primary 886500 1
TSSEGLONG 6182 6 40 1188 S 1019880 1120680 11 187 primary 886500 1
TSSEGLONG 6162 6 40 1188 N 886500 1120680 14 435 primary 886500 1
TSSEGLONG 4144 1 40 1220 S 990000 1072800 12 155 primary 990000 1
TSSEGLONG 4135 1 40 1220 S 1072800 1224000 16 282 primary 990000 1
TSSEGLONG 4134 1 40 1220 N 990000 1173600 57 342 primary 990000 1
TSSEGLONG 4152 1 40 1220 N 1173600 1224000 25 95 primary 990000 1
TSSEGLONG 4144 2 40 1220 S 990000 1072800 12 155 primary 990000 1
TSSEGLONG 4135 2 40 1220 S 1072800 1224000 16 282 primary 990000 1
TSSEGLONG 4134 2 40 1220 N 990000 1173600 57 342 primary 990000 1
TSSEGLONG 4152 2 40 1220 N 1173600 1224000 25 95 primary 990000 1
TSSEGLONG 4144 3 40 1220 S 990000 1072800 12 155 primary 990000 1
TSSEGLONG 4135 3 40 1220 S 1072800 1224000 16 282 primary 990000 1
TSSEGLONG 4134 3 40 1220 N 990000 1173600 57 342 primary 990000 1
TSSEGLONG 4152 3 40 1220 N 1173600 1224000 25 95 primary 990000 1
TSSEGLONG 4144 4 40 1220 S 990000 1072800 12 155 primary 990000 1
TSSEGLONG 4135 4 40 1220 S 1072800 1224000 16 282 primary 990000 1
TSSEGLONG 4134 4 40 1220 N 990000 1173600 57 342 primary 990000 1
TSSEGLONG 4152 4 40 1220 N 1173600 1224000 25 95 primary 990000 1
TSSEGLONG 4144 5 40 1220 S 990000 1072800 12 155 primary 990000 1
TSSEGLONG 4135 5 40 1220 S 1072800 1224000 16 282 primary 990000 1
TSSEGLONG 4134 5 40 1220 N 990000 1173600 57 342 primary 990000 1
TSSEGLONG 4152 5 40 1220 N 1173600 1224000 25 95 primary 990000 1
TSSEGLONG 4144 6 40 1220 S 990000 1072800 12 155 primary 990000 1
TSSEGLONG 4135 6 40 1220 S 1072800 1224000 16 282 primary 990000 1
TSSEGLONG 4134 6 40 1220 N 990000 1173600 57 342 primary 990000 1
TSSEGLONG 4152 6 40 1220 N 1173600 1224000 25 95 primary 990000 1
TSSEGLONG 4829 1 40 1260 S 108000 216000 27 209 primary 108000 1
TSSEGLONG 4800 1 40 1260 N 108000 216000 11 205 primary 108000 1
TSSEGLONG 4829 2 40 1260 S 108000 216000 27 209 primary 108000 1
TSSEGLONG 4800 2 40 1260 N 108000 216000 11 205 primary 108000 1
TSSEGLONG 4829 3 40 1260 S 108000 216000 27 209 primary 108000 1
TSSEGLONG 4800 3 40 1260 N 108000 216000 11 205 primary 108000 1
TSSEGLONG 4829 4 40 1260 S 108000 216000 27 209 primary 108000 1
TSSEGLONG 4800 4 40 1260 N 108000 216000 11 205 primary 108000 1
TSSEGLONG 4829 5 40 1260 S 108000 216000 27 209 primary 108000 1
TSSEGLONG 4800 5 40 1260 N 108000 216000 11 205 primary 108000 1
TSSEGLONG 4829 6 40 1260 S 108000 216000 27 209 primary 108000 1
TSSEGLONG 4800 6 40 1260 N 108000 216000 11 205 primary 108000 1
TSSEGLONG 6075 1 40 1260 S 369900 398700 11 54 primary 369900 1
TSSEGLONG 5960 1 40 1260 N 369900 398700 153 57 primary 369900 1
TSSEGLONG 6075 2 40 1260 S 369900 398700 11 54 primary 369900 1
TSSEGLONG 5960 2 40 1260 N 369900 398700 153 57 primary 369900 1
TSSEGLONG 6075 3 40 1260 S 369900 398700 11 54 primary 369900 1
TSSEGLONG 5960 3 40 1260 N 369900 398700 153 57 primary 369900 1
TSSEGLONG 6075 4 40 1260 S 369900 398700 11 54 primary 369900 1
TSSEGLONG 5960 4 40 1260 N 369900 398700 153 57 primary 369900 1
TSSEGLONG 6075 5 40 1260 S 369900 398700 11 54 primary 369900 1
TSSEGLONG 5960 5 40 1260 N 369900 398700 153 57 primary 369900 1
TSSEGLONG 6075 6 40 1260 S 369900 398700 11 54 primary 369900 1
TSSEGLONG 5960 6 40 1260 N 369900 398700 153 57 primary 369900 1
TSSEGLONG 5817 1 40 1300 S 144900 289800 11 340 primary 144900 1
TSSEGLONG 5934 1 40 1300 N 144900 289800 11 270 primary 144900 1
TSSEGLONG 5817 2 40 1300 S 144900 289800 11 340 primary 144900 1
TSSEGLONG 5934 2 40 1300 N 144900 289800 11 270 primary 144900 1
TSSEGLONG 5817 3 40 1300 S 144900 289800 11 340 primary 144900 1
TSSEGLONG 5934 3 40 1300 N 144900 289800 11 270 primary 144900 1
TSSEGLONG 5817 4 40 1300 S 144900 289800 11 340 primary 144900 1
TSSEGLONG 5934 4 40 1300 N 144900 289800 11 270 primary 144900 1
TSSEGLONG 5817 5 40 1300 S 144900 289800 11 340 primary 144900 1
TSSEGLONG 5934 5 40 1300 N 144900 289800 11 270 primary 144900 1
TSSEGLONG 5817 6 40 1300 S 144900 289800 11 340 primary 144900 1
TSSEGLONG 5934 6 40 1300 N 144900 289800 11 270 primary 144900 1
TSSEGLONG 4887 1 40 1300 S 291600 435600 11 280 primary 291600 1
TSSEGLONG 5044 1 40 1300 N 291600 352800 11 139 primary 291600 1
TSSEGLONG 5060 1 40 1300 N 352800 435600 41 162 primary 291600 1
TSSEGLONG 4887 2 40 1300 S 291600 435600 11 280 primary 291600 1
TSSEGLONG 5044 2 40 1300 N 291600 352800 11 139 primary 291600 1
TSSEGLONG 5060 2 40 1300 N 352800 435600 41 162 primary 291600 1
TSSEGLONG 4887 3 40 1300 S 291600 435600 11 280 primary 291600 1
TSSEGLONG 5044 3 40 1300 N 291600 352800 11 139 primary 291600 1
TSSEGLONG 5060 3 40 1300 N 352800 435600 41 162 primary 291600 1
TSSEGLONG 4887 4 40 1300 S 291600 435600 11 280 primary 291600 1
TSSEGLONG 5044 4 40 1300 N 291600 352800 11 139 primary 291600 1
TSSEGLONG 5060 4 40 1300 N 352800 435600 41 162 primary 291600 1
TSSEGLONG 4887 5 40 1300 S 291600 435600 11 280 primary 291600 1
TSSEGLONG 5044 5 40 1300 N 291600 352800 11 139 primary 291600 1
TSSEGLONG 5060 5 40 1300 N 352800 435600 41 162 primary 291600 1
TSSEGLONG 4887 6 40 1300 S 291600 435600 11 280 primary 291600 1
TSSEGLONG 5044 6 40 1300 N 291600 352800 11 139 primary 291600 1
TSSEGLONG 5060 6 40 1300 N 352800 435600 41 162 primary 291600 1
TSSEGLONG 4836 1 40 72 S 1107000 1245600 11 261 primary 1107000 1
TSSEGLONG 4879 1 40 72 N 1107000 1198800 21 173 primary 1107000 1
TSSEGLONG 4880 1 40 72 N 1198800 1245600 22 89 primary 1107000 1
TSSEGLONG 4836 2 40 72 S 1107000 1245600 11 261 primary 1107000 1
TSSEGLONG 4879 2 40 72 N 1107000 1198800 21 173 primary 1107000 1
TSSEGLONG 4880 2 40 72 N 1198800 1245600 22 89 primary 1107000 1
TSSEGLONG 4836 3 40 72 S 1107000 1245600 11 261 primary 1107000 1
TSSEGLONG 4879 3 40 72 N 1107000 1198800 21 173 primary 1107000 1
TSSEGLONG 4880 3 40 72 N 1198800 1245600 22 89 primary 1107000 1
TSSEGLONG 4836 4 40 72 S 1107000 1245600 11 261 primary 1107000 1
TSSEGLONG 4879 4 40 72 N 1107000 1198800 21 173 primary 1107000 1
TSSEGLONG 4880 4 40 72 N 1198800 1245600 22 89 primary 1107000 1
TSSEGLONG 4836 5 40 72 S 1107000 1245600 11 261 primary 1107000 1
TSSEGLONG 4879 5 40 72 N 1107000 1198800 21 173 primary 1107000 1
TSSEGLONG 4880 5 40 72 N 1198800 1245600 22 89 primary 1107000 1
TSSEGLONG 4836 6 40 72 S 1107000 1245600 11 261 primary 1107000 1
TSSEGLONG 4879 6 40 72 N 1107000 1198800 21 173 primary 1107000 1
TSSEGLONG 4880 6 40 72 N 1198800 1245600 22 89 primary 1107000 1
TSSEGLONG 4836 1 40 72 S 1288800 1342800 345 111 primary 1288800 1
TSSEGLONG 4851 1 40 72 N 1288800 1342800 11 109 primary 1288800 1
TSSEGLONG 4836 2 40 72 S 1288800 1342800 345 111 primary 1288800 1
TSSEGLONG 4851 2 40 72 N 1288800 1342800 11 109 primary 1288800 1
TSSEGLONG 4836 3 40 72 S 1288800 1342800 345 111 primary 1288800 1
TSSEGLONG 4851 3 40 72 N 1288800 1342800 11 109 primary 1288800 1
TSSEGLONG 4836 4 40 72 S 1288800 1342800 345 111 primary 1288800 1
TSSEGLONG 4851 4 40 72 N 1288800 1342800 11 109 primary 1288800 1
TSSEGLONG 4836 5 40 72 S 1288800 1342800 345 111 primary 1288800 1
TSSEGLONG 4851 5 40 72 N 1288800 1342800 11 109 primary 1288800 1
TSSEGLONG 4836 6 40 72 S 1288800 1342800 345 111 primary 1288800 1
TSSEGLONG 4851 6 40 72 N 1288800 1342800 11 109 primary 1288800 1
TSSEGLONG 4843 1 40 72 S 73800 158400 68 175 primary 73800 1
TSSEGLONG 4844 1 40 72 N 73800 158400 11 158 primary 73800 1
TSSEGLONG 4843 2 40 72 S 73800 158400 68 175 primary 73800 1
TSSEGLONG 4844 2 40 72 N 73800 158400 11 158 primary 73800 1
TSSEGLONG 4843 3 40 72 S 73800 158400 68 175 primary 73800 1
TSSEGLONG 4844 3 40 72 N 73800 158400 11 158 primary 73800 1
TSSEGLONG 4843 4 40 72 S 73800 158400 68 175 primary 73800 1
TSSEGLONG 4844 4 40 72 N 73800 158400 11 158 primary 73800 1
TSSEGLONG 4843 5 40 72 S 73800 158400 68 175 primary 73800 1
TSSEGLONG 4844 5 40 72 N 73800 158400 11 158 primary 73800 1
TSSEGLONG 4843 6 40 72 S 73800 158400 68 175 primary 73800 1
TSSEGLONG 4844 6 40 72 N 73800 158400 11 158 primary 73800 1
TSSEGLONG 5655 1 40 79 S 1110600 1245600 11 253 primary 1110600 1
TSSEGLONG 5598 1 40 79 S 1245600 1306800 11 193 primary 1110600 1
TSSEGLONG 5656 1 40 79 S 1306800 1377000 11 157 primary 1110600 1
TSSEGLONG 5640 1 40 79 N 1110600 1245600 11 274 primary 1110600 1
TSSEGLONG 5636 1 40 79 N 1245600 1306800 11 151 primary 1110600 1
TSSEGLONG 5641 1 40 79 N 1306800 1377000 11 150 primary 1110600 1
TSSEGLONG 5655 2 40 79 S 1110600 1245600 11 253 primary 1110600 1
TSSEGLONG 5598 2 40 79 S 1245600 1306800 11 193 primary 1110600 1
TSSEGLONG 5656 2 40 79 S 1306800 1377000 11 157 primary 1110600 1
TSSEGLONG 5640 2 40 79 N 1110600 1245600 11 274 primary 1110600 1
TSSEGLONG 5636 2 40 79 N 1245600 1306800 11 151 primary 1110600 1
TSSEGLONG 5641 2 40 79 N 1306800 1377000 11 150 primary 1110600 1
TSSEGLONG 5655 3 40 79 S 1110600 1245600 11 253 primary 1110600 1
TSSEGLONG 5598 3 40 79 S 1245600 1306800 11 193 primary 1110600 1
TSSEGLONG 5656 3 40 79 S 1306800 1377000 11 157 primary 1110600 1
TSSEGLONG 5640 3 40 79 N 1110600 1245600 11 274 primary 1110600 1
TSSEGLONG 5636 3 40 79 N 1245600 1306800 11 151 primary 1110600 1
TSSEGLONG 5641 3 40 79 N 1306800 1377000 11 150 primary 1110600 1
TSSEGLONG 5655 4 40 79 S 1110600 1245600 11 253 primary 1110600 1
TSSEGLONG 5598 4 40 79 S 1245600 1306800 11 193 primary 1110600 1
TSSEGLONG 5656 4 40 79 S 1306800 1377000 11 157 primary 1110600 1
TSSEGLONG 5640 4 40 79 N 1110600 1245600 11 274 primary 1110600 1
TSSEGLONG 5636 4 40 79 N 1245600 1306800 11 151 primary 1110600 1
TSSEGLONG 5641 4 40 79 N 1306800 1377000 11 150 primary 1110600 1
TSSEGLONG 5655 5 40 79 S 1110600 1245600 11 253 primary 1110600 1
TSSEGLONG 5598 5 40 79 S 1245600 1306800 11 193 primary 1110600 1
TSSEGLONG 5656 5 40 79 S 1306800 1377000 11 157 primary 1110600 1
TSSEGLONG 5640 5 40 79 N 1110600 1245600 11 274 primary 1110600 1
TSSEGLONG 5636 5 40 79 N 1245600 1306800 11 151 primary 1110600 1
TSSEGLONG 5641 5 40 79 N 1306800 1377000 11 150 primary 1110600 1
TSSEGLONG 5655 6 40 79 S 1110600 1245600 11 253 primary 1110600 1
TSSEGLONG 5598 6 40 79 S 1245600 1306800 11 193 primary 1110600 1
TSSEGLONG 5656 6 40 79 S 1306800 1377000 11 157 primary 1110600 1
TSSEGLONG 5640 6 40 79 N 1110600 1245600 11 274 primary 1110600 1
TSSEGLONG 5636 6 40 79 N 1245600 1306800 11 151 primary 1110600 1
TSSEGLONG 5641 6 40 79 N 1306800 1377000 11 150 primary 1110600 1
TSSEGLONG 5065 1 40 79 S 81000 203400 11 245 primary 81000 1
TSSEGLONG 5714 1 40 79 N 81000 203400 11 246 primary 81000 1
TSSEGLONG 5065 2 40 79 S 81000 203400 11 245 primary 81000 1
TSSEGLONG 5714 2 40 79 N 81000 203400 11 246 primary 81000 1
TSSEGLONG 5065 3 40 79 S 81000 203400 11 245 primary 81000 1
TSSEGLONG 5714 3 40 79 N 81000 203400 11 246 primary 81000 1
TSSEGLONG 5065 4 40 79 S 81000 203400 11 245 primary 81000 1
TSSEGLONG 5714 4 40 79 N 81000 203400 11 246 primary 81000 1
TSSEGLONG 5065 5 40 79 S 81000 203400 11 245 primary 81000 1
TSSEGLONG 5714 5 40 79 N 81000 203400 11 246 primary 81000 1
TSSEGLONG 5065 6 40 79 S 81000 203400 11 245 primary 81000 1
TSSEGLONG 5714 6 40 79 N 81000 203400 11 246 primary 81000 1
TSSEGLONG 4843 1 40 72 S 162360 215900 242 102 primary 162360 1
TSSEGLONG 6475 1 40 72 N 162360 215900 57 102 primary 162360 1
TSSEGLONG 4843 2 40 72 S 162360 215900 242 102 primary 162360 1
TSSEGLONG 6475 2 40 72 N 162360 215900 57 102 primary 162360 1
TSSEGLONG 4843 3 40 72 S 162360 215900 242 102 primary 162360 1
TSSEGLONG 6475 3 40 72 N 162360 215900 57 102 primary 162360 1
TSSEGLONG 4843 4 40 72 S 162360 215900 242 102 primary 162360 1
TSSEGLONG 6475 4 40 72 N 162360 215900 57 102 primary 162360 1
TSSEGLONG 4843 5 40 72 S 162360 215900 242 102 primary 162360 1
TSSEGLONG 6475 5 40 72 N 162360 215900 57 102 primary 162360 1
TSSEGLONG 4843 6 40 72 S 162360 215900 242 102 primary 162360 1
TSSEGLONG 6475 6 40 72 N 162360 215900 57 102 primary 162360 1
TSSEGLONG 5378 1 40 1062 S 885240 908388 11 44 primary 885240 1
TSSEGLONG 6105 1 40 1062 S 908338 944100 11 67 primary 885240 1
TSSEGLONG 5409 1 40 1062 N 885240 944100 15 111 primary 885240 1
TSSEGLONG 5378 2 40 1062 S 885240 908388 11 44 primary 885240 1
TSSEGLONG 6105 2 40 1062 S 908338 944100 11 67 primary 885240 1
TSSEGLONG 5409 2 40 1062 N 885240 944100 15 111 primary 885240 1
TSSEGLONG 5378 3 40 1062 S 885240 908388 11 44 primary 885240 1
TSSEGLONG 6105 3 40 1062 S 908338 944100 11 67 primary 885240 1
TSSEGLONG 5409 3 40 1062 N 885240 944100 15 111 primary 885240 1
TSSEGLONG 5378 4 40 1062 S 885240 908388 11 44 primary 885240 1
TSSEGLONG 6105 4 40 1062 S 908338 944100 11 67 primary 885240 1
TSSEGLONG 5409 4 40 1062 N 885240 944100 15 111 primary 885240 1
TSSEGLONG 5378 5 40 1062 S 885240 908388 11 44 primary 885240 1
TSSEGLONG 6105 5 40 1062 S 908338 944100 11 67 primary 885240 1
TSSEGLONG 5409 5 40 1062 N 885240 944100 15 111 primary 885240 1
TSSEGLONG 5378 6 40 1062 S 885240 908388 11 44 primary 885240 1
TSSEGLONG 6105 6 40 1062 S 908338 944100 11 67 primary 885240 1
TSSEGLONG 5409 6 40 1062 N 885240 944100 15 111 primary 885240 1
TSSEGLONG 4832 1 40 1100 S 998388 1094200 203 302 primary 998388 1
TSSEGLONG 4828 1 40 1100 N 998388 1094200 221 302 primary 998388 1
TSSEGLONG 4832 2 40 1100 S 998388 1094200 203 302 primary 998388 1
TSSEGLONG 4828 2 40 1100 N 998388 1094200 221 302 primary 998388 1
TSSEGLONG 4832 3 40 1100 S 998388 1094200 203 302 primary 998388 1
TSSEGLONG 4828 3 40 1100 N 998388 1094200 221 302 primary 998388 1
TSSEGLONG 4832 4 40 1100 S 998388 1094200 203 302 primary 998388 1
TSSEGLONG 4828 4 40 1100 N 998388 1094200 221 302 primary 998388 1
TSSEGLONG 4832 5 40 1100 S 998388 1094200 203 302 primary 998388 1
TSSEGLONG 4828 5 40 1100 N 998388 1094200 221 302 primary 998388 1
TSSEGLONG 4832 6 40 1100 S 998388 1094200 203 302 primary 998388 1
TSSEGLONG 4828 6 40 1100 N 998388 1094200 221 302 primary 998388 1
TSSEGLONG 5403 1 40 1140 S 1018800 1074600 203 104 primary 1018800 1
TSSEGLONG 6850 1 40 1140 S 1074600 1155060 32 151 primary 1018800 1
TSSEGLONG 6177 1 40 1140 N 1018800 1155060 56 254 primary 1018800 1
TSSEGLONG 5403 2 40 1140 S 1018800 1074600 203 104 primary 1018800 1
TSSEGLONG 6850 2 40 1140 S 1074600 1155060 32 151 primary 1018800 1
TSSEGLONG 6177 2 40 1140 N 1018800 1155060 56 254 primary 1018800 1
TSSEGLONG 5403 3 40 1140 S 1018800 1074600 203 104 primary 1018800 1
TSSEGLONG 6850 3 40 1140 S 1074600 1155060 32 151 primary 1018800 1
TSSEGLONG 6177 3 40 1140 N 1018800 1155060 56 254 primary 1018800 1
TSSEGLONG 5403 4 40 1140 S 1018800 1074600 203 104 primary 1018800 1
TSSEGLONG 6850 4 40 1140 S 1074600 1155060 32 151 primary 1018800 1
TSSEGLONG 6177 4 40 1140 N 1018800 1155060 56 254 primary 1018800 1
TSSEGLONG 5403 5 40 1140 S 1018800 1074600 203 104 primary 1018800 1
TSSEGLONG 6850 5 40 1140 S 1074600 1155060 32 151 primary 1018800 1
TSSEGLONG 6177 5 40 1140 N 1018800 1155060 56 254 primary 1018800 1
TSSEGLONG 5403 6 40 1140 S 1018800 1074600 203 104 primary 1018800 1
TSSEGLONG 6850 6 40 1140 S 1074600 1155060 32 151 primary 1018800 1
TSSEGLONG 6177 6 40 1140 N 1018800 1155060 56 254 primary 1018800 1
TSSEGLONG 6182 1 40 1188 S 1120680 1177200 197 108 primary 1120680 1
TSSEGLONG 6366 1 40 1188 S 1177200 1234800 58 115 primary 1120680 1
TSSEGLONG 6371 1 40 1188 S 1234800 1303200 28 129 primary 1120680 1
TSSEGLONG 6361 1 40 1188 S 1303200 1385100 15 155 primary 1120680 1
TSSEGLONG 6354 1 40 1188 N 1120680 1278000 30 294 primary 1120680 1
TSSEGLONG 6372 1 40 1188 N 1278000 1324800 35 90 primary 1120680 1
TSSEGLONG 6413 1 40 1188 N 1324800 1385100 22 114 primary 1120680 1
TSSEGLONG 6182 2 40 1188 S 1120680 1177200 197 108 primary 1120680 1
TSSEGLONG 6366 2 40 1188 S 1177200 1234800 58 115 primary 1120680 1
TSSEGLONG 6371 2 40 1188 S 1234800 1303200 28 129 primary 1120680 1
TSSEGLONG 6361 2 40 1188 S 1303200 1385100 15 155 primary 1120680 1
TSSEGLONG 6354 2 40 1188 N 1120680 1278000 30 294 primary 1120680 1
TSSEGLONG 6372 2 40 1188 N 1278000 1324800 35 90 primary 1120680 1
TSSEGLONG 6413 2 40 1188 N 1324800 1385100 22 114 primary 1120680 1
TSSEGLONG 6182 3 40 1188 S 1120680 1177200 197 108 primary 1120680 1
TSSEGLONG 6366 3 40 1188 S 1177200 1234800 58 115 primary 1120680 1
TSSEGLONG 6371 3 40 1188 S 1234800 1303200 28 129 primary 1120680 1
TSSEGLONG 6361 3 40 1188 S 1303200 1385100 15 155 primary 1120680 1
TSSEGLONG 6354 3 40 1188 N 1120680 1278000 30 294 primary 1120680 1
TSSEGLONG 6372 3 40 1188 N 1278000 1324800 35 90 primary 1120680 1
TSSEGLONG 6413 3 40 1188 N 1324800 1385100 22 114 primary 1120680 1
TSSEGLONG 6182 4 40 1188 S 1120680 1177200 197 108 primary 1120680 1
TSSEGLONG 6366 4 40 1188 S 1177200 1234800 58 115 primary 1120680 1
TSSEGLONG 6371 4 40 1188 S 1234800 1303200 28 129 primary 1120680 1
TSSEGLONG 6361 4 40 1188 S 1303200 1385100 15 155 primary 1120680 1
TSSEGLONG 6354 4 40 1188 N 1120680 1278000 30 294 primary 1120680 1
TSSEGLONG 6372 4 40 1188 N 1278000 1324800 35 90 primary 1120680 1
TSSEGLONG 6413 4 40 1188 N 1324800 1385100 22 114 primary 1120680 1
TSSEGLONG 6182 5 40 1188 S 1120680 1177200 197 108 primary 1120680 1
TSSEGLONG 6366 5 40 1188 S 1177200 1234800 58 115 primary 1120680 1
TSSEGLONG 6371 5 40 1188 S 1234800 1303200 28 129 primary 1120680 1
TSSEGLONG 6361 5 40 1188 S 1303200 1385100 15 155 primary 1120680 1
TSSEGLONG 6354 5 40 1188 N 1120680 1278000 30 294 primary 1120680 1
TSSEGLONG 6372 5 40 1188 N 1278000 1324800 35 90 primary 1120680 1
TSSEGLONG 6413 5 40 1188 N 1324800 1385100 22 114 primary 1120680 1
TSSEGLONG 6182 6 40 1188 S 1120680 1177200 197 108 primary 1120680 1
TSSEGLONG 6366 6 40 1188 S 1177200 1234800 58 115 primary 1120680 1
TSSEGLONG 6371 6 40 1188 S 1234800 1303200 28 129 primary 1120680 1
TSSEGLONG 6361 6 40 1188 S 1303200 1385100 15 155 primary 1120680 1
TSSEGLONG 6354 6 40 1188 N 1120680 1278000 30 294 primary 1120680 1
TSSEGLONG 6372 6 40 1188 N 1278000 1324800 35 90 primary 1120680 1
TSSEGLONG 6413 6 40 1188 N 1324800 1385100 22 114 primary 1120680 1
TSSEGLONG 4829 1 40 1260 S 217260 262800 235 86 primary 217260 1
TSSEGLONG 5814 1 40 1260 S 262800 342900 14 150 primary 217260 1
TSSEGLONG 6074 1 40 1260 S 342900 369000 11 49 primary 217260 1
TSSEGLONG 5959 1 40 1260 N 217260 292500 49 140 primary 217260 1
TSSEGLONG 5960 1 40 1260 N 292500 369000 46 108 primary 217260 1
TSSEGLONG 4829 2 40 1260 S 217260 262800 235 86 primary 217260 1
TSSEGLONG 5814 2 40 1260 S 262800 342900 14 150 primary 217260 1
TSSEGLONG 6074 2 40 1260 S 342900 369000 11 49 primary 217260 1
TSSEGLONG 5959 2 40 1260 N 217260 292500 49 140 primary 217260 1
TSSEGLONG 5960 2 40 1260 N 292500 369000 46 108 primary 217260 1
TSSEGLONG 4829 3 40 1260 S 217260 262800 235 86 primary 217260 1
TSSEGLONG 5814 3 40 1260 S 262800 342900 14 150 primary 217260 1
TSSEGLONG 6074 3 40 1260 S 342900 369000 11 49 primary 217260 1
TSSEGLONG 5959 3 40 1260 N 217260 292500 49 140 primary 217260 1
TSSEGLONG 5960 3 40 1260 N 292500 369000 46 108 primary 217260 1
TSSEGLONG 4829 4 40 1260 S 217260 262800 235 86 primary 217260 1
TSSEGLONG 5814 4 40 1260 S 262800 342900 14 150 primary 217260 1
TSSEGLONG 6074 4 40 1260 S 342900 369000 11 49 primary 217260 1
TSSEGLONG 5959 4 40 1260 N 217260 292500 49 140 primary 217260 1
TSSEGLONG 5960 4 40 1260 N 292500 369000 46 108 primary 217260 1
TSSEGLONG 4829 5 40 1260 S 217260 262800 235 86 primary 217260 1
TSSEGLONG 5814 5 40 1260 S 262800 342900 14 150 primary 217260 1
TSSEGLONG 6074 5 40 1260 S 342900 369000 11 49 primary 217260 1
TSSEGLONG 5959 5 40 1260 N 217260 292500 49 140 primary 217260 1
TSSEGLONG 5960 5 40 1260 N 292500 369000 46 108 primary 217260 1
TSSEGLONG 4829 6 40 1260 S 217260 262800 235 86 primary 217260 1
TSSEGLONG 5814 6 40 1260 S 262800 342900 14 150 primary 217260 1
TSSEGLONG 6074 6 40 1260 S 342900 369000 11 49 primary 217260 1
TSSEGLONG 5959 6 40 1260 N 217260 292500 49 140 primary 217260 1
TSSEGLONG 5960 6 40 1260 N 292500 369000 46 108 primary 217260 1
TSSEGLONG 6572 1 40 1356 S 48000 109500 11 117 primary 48000 1
TSSEGLONG 6591 1 40 1356 N 48000 109500 25 117 primary 48000 1
TSSEGLONG 6572 2 40 1356 S 48000 109500 11 117 primary 48000 1
TSSEGLONG 6591 2 40 1356 N 48000 109500 25 117 primary 48000 1
TSSEGLONG 6572 3 40 1356 S 48000 109500 11 117 primary 48000 1
TSSEGLONG 6591 3 40 1356 N 48000 109500 25 117 primary 48000 1
TSSEGLONG 6572 4 40 1356 S 48000 109500 11 117 primary 48000 1
TSSEGLONG 6591 4 40 1356 N 48000 109500 25 117 primary 48000 1
TSSEGLONG 6572 5 40 1356 S 48000 109500 11 117 primary 48000 1
TSSEGLONG 6591 5 40 1356 N 48000 109500 25 117 primary 48000 1
TSSEGLONG 6572 6 40 1356 S 48000 109500 11 117 primary 48000 1
TSSEGLONG 6591 6 40 1356 N 48000 109500 25 117 primary 48000 1
TSSEGLONG 5066 1 40 1356 S 179100 185040 34 12 primary 179100 1
TSSEGLONG 6003 1 40 1356 S 185040 334800 11 279 primary 179100 1
TSSEGLONG 6573 1 40 1356 S 334800 444600 29 205 primary 179100 1
TSSEGLONG 6485 1 40 1356 N 179100 288000 11 203 primary 179100 1
TSSEGLONG 6505 1 40 1356 N 288000 371880 36 157 primary 179100 1
TSSEGLONG 6509 1 40 1356 N 371880 444600 38 136 primary 179100 1
TSSEGLONG 5066 2 40 1356 S 179100 185040 34 12 primary 179100 1
TSSEGLONG 6003 2 40 1356 S 185040 334800 11 279 primary 179100 1
TSSEGLONG 6573 2 40 1356 S 334800 444600 29 205 primary 179100 1
TSSEGLONG 6485 2 40 1356 N 179100 288000 11 203 primary 179100 1
TSSEGLONG 6505 2 40 1356 N 288000 371880 36 157 primary 179100 1
TSSEGLONG 6509 2 40 1356 N 371880 444600 38 136 primary 179100 1
TSSEGLONG 5066 3 40 1356 S 179100 185040 34 12 primary 179100 1
TSSEGLONG 6003 3 40 1356 S 185040 334800 11 279 primary 179100 1
TSSEGLONG 6573 3 40 1356 S 334800 444600 29 205 primary 179100 1
TSSEGLONG 6485 3 40 1356 N 179100 288000 11 203 primary 179100 1
TSSEGLONG 6505 3 40 1356 N 288000 371880 36 157 primary 179100 1
TSSEGLONG 6509 3 40 1356 N 371880 444600 38 136 primary 179100 1
TSSEGLONG 5066 4 40 1356 S 179100 185040 34 12 primary 179100 1
TSSEGLONG 6003 4 40 1356 S 185040 334800 11 279 primary 179100 1
TSSEGLONG 6573 4 40 1356 S 334800 444600 29 205 primary 179100 1
TSSEGLONG 6485 4 40 1356 N 179100 288000 11 203 primary 179100 1
TSSEGLONG 6505 4 40 1356 N 288000 371880 36 157 primary 179100 1
TSSEGLONG 6509 4 40 1356 N 371880 444600 38 136 primary 179100 1
TSSEGLONG 5066 5 40 1356 S 179100 185040 34 12 primary 179100 1
TSSEGLONG 6003 5 40 1356 S 185040 334800 11 279 primary 179100 1
TSSEGLONG 6573 5 40 1356 S 334800 444600 29 205 primary 179100 1
TSSEGLONG 6485 5 40 1356 N 179100 288000 11 203 primary 179100 1
TSSEGLONG 6505 5 40 1356 N 288000 371880 36 157 primary 179100 1
TSSEGLONG 6509 5 40 1356 N 371880 444600 38 136 primary 179100 1
TSSEGLONG 5066 6 40 1356 S 179100 185040 34 12 primary 179100 1
TSSEGLONG 6003 6 40 1356 S 185040 334800 11 279 primary 179100 1
TSSEGLONG 6573 6 40 1356 S 334800 444600 29 205 primary 179100 1
TSSEGLONG 6485 6 40 1356 N 179100 288000 11 203 primary 179100 1
TSSEGLONG 6505 6 40 1356 N 288000 371880 36 157 primary 179100 1
TSSEGLONG 6509 6 40 1356 N 371880 444600 38 136 primary 179100 1
TSSEGLONG 6519 1 40 1374 S 234720 335520 11 189 primary 234720 1
TSSEGLONG 6514 1 40 1374 N 234720 335520 17 189 primary 234720 1
TSSEGLONG 6519 2 40 1374 S 234720 335520 11 189 primary 234720 1
TSSEGLONG 6514 2 40 1374 N 234720 335520 17 189 primary 234720 1
TSSEGLONG 6519 3 40 1374 S 234720 335520 11 189 primary 234720 1
TSSEGLONG 6514 3 40 1374 N 234720 335520 17 189 primary 234720 1
TSSEGLONG 6519 4 40 1374 S 234720 335520 11 189 primary 234720 1
TSSEGLONG 6514 4 40 1374 N 234720 335520 17 189 primary 234720 1
TSSEGLONG 6519 5 40 1374 S 234720 335520 11 189 primary 234720 1
TSSEGLONG 6514 5 40 1374 N 234720 335520 17 189 primary 234720 1
TSSEGLONG 6519 6 40 1374 S 234720 335520 11 189 primary 234720 1
TSSEGLONG 6514 6 40 1374 N 234720 335520 17 189 primary 234720 1
TSSEGLONG 6581 1 40 1374 S 335520 432000 37 180 primary 335520 1
TSSEGLONG 6585 1 40 1374 N 335520 432000 23 180 primary 335520 1
TSSEGLONG 6581 2 40 1374 S 335520 432000 37 180 primary 335520 1
TSSEGLONG 6585 2 40 1374 N 335520 432000 23 180 primary 335520 1
TSSEGLONG 6581 3 40 1374 S 335520 432000 37 180 primary 335520 1
TSSEGLONG 6585 3 40 1374 N 335520 432000 23 180 primary 335520 1
TSSEGLONG 6581 4 40 1374 S 335520 432000 37 180 primary 335520 1
TSSEGLONG 6585 4 40 1374 N 335520 432000 23 180 primary 335520 1
TSSEGLONG 6581 5 40 1374 S 335520 432000 37 180 primary 335520 1
TSSEGLONG 6585 5 40 1374 N 335520 432000 23 180 primary 335520 1
TSSEGLONG 6581 6 40 1374 S 335520 432000 37 180 primary 335520 1
TSSEGLONG 6585 6 40 1374 N 335520 432000 23 180 primary 335520 1
TSSEGLONG 6709 1 40 1374 S 432000 473500 11 78 primary 432000 1
TSSEGLONG 6727 1 40 1374 N 432000 473500 35 80 primary 432000 1
TSSEGLONG 6709 2 40 1374 S 432000 473500 11 78 primary 432000 1
TSSEGLONG 6727 2 40 1374 N 432000 473500 35 80 primary 432000 1
TSSEGLONG 6709 3 40 1374 S 432000 473500 11 78 primary 432000 1
TSSEGLONG 6727 3 40 1374 N 432000 473500 35 80 primary 432000 1
TSSEGLONG 6709 4 40 1374 S 432000 473500 11 78 primary 432000 1
TSSEGLONG 6727 4 40 1374 N 432000 473500 35 80 primary 432000 1
TSSEGLONG 6709 5 40 1374 S 432000 473500 11 78 primary 432000 1
TSSEGLONG 6727 5 40 1374 N 432000 473500 35 80 primary 432000 1
TSSEGLONG 6709 6 40 1374 S 432000 473500 11 78 primary 432000 1
TSSEGLONG 6727 6 40 1374 N 432000 473500 35 80 primary 432000 1
TSSEGLONG 6708 1 40 1406 S 246500 361260 43 216 primary 246500 1
TSSEGLONG 7178 1 40 1406 N 246500 361260 11 216 primary 246500 1
TSSEGLONG 6708 2 40 1406 S 246500 361260 43 216 primary 246500 1
TSSEGLONG 7178 2 40 1406 N 246500 361260 11 216 primary 246500 1
TSSEGLONG 6708 3 40 1406 S 246500 361260 43 216 primary 246500 1
TSSEGLONG 7178 3 40 1406 N 246500 361260 11 216 primary 246500 1
TSSEGLONG 6708 4 40 1406 S 246500 361260 43 216 primary 246500 1
TSSEGLONG 7178 4 40 1406 N 246500 361260 11 216 primary 246500 1
TSSEGLONG 6708 5 40 1406 S 246500 361260 43 216 primary 246500 1
TSSEGLONG 7178 5 40 1406 N 246500 361260 11 216 primary 246500 1
TSSEGLONG 6708 6 40 1406 S 246500 361260 43 216 primary 246500 1
TSSEGLONG 7178 6 40 1406 N 246500 361260 11 216 primary 246500 1
TSSEGLONG 6597 1 40 1406 S 361260 444600 12 155 primary 361260 1
TSSEGLONG 6605 1 40 1406 N 361260 444600 11 155 primary 361260 1
TSSEGLONG 6597 2 40 1406 S 361260 444600 12 155 primary 361260 1
TSSEGLONG 6605 2 40 1406 N 361260 444600 11 155 primary 361260 1
TSSEGLONG 6597 3 40 1406 S 361260 444600 12 155 primary 361260 1
TSSEGLONG 6605 3 40 1406 N 361260 444600 11 155 primary 361260 1
TSSEGLONG 6597 4 40 1406 S 361260 444600 12 155 primary 361260 1
TSSEGLONG 6605 4 40 1406 N 361260 444600 11 155 primary 361260 1
TSSEGLONG 6597 5 40 1406 S 361260 444600 12 155 primary 361260 1
TSSEGLONG 6605 5 40 1406 N 361260 444600 11 155 primary 361260 1
TSSEGLONG 6597 6 40 1406 S 361260 444600 12 155 primary 361260 1
TSSEGLONG 6605 6 40 1406 N 361260 444600 11 155 primary 361260 1
TSSEGLONG 6574 1 40 1458 S 426060 532080 11 199 primary 426060 1
TSSEGLONG 6749 1 40 1458 N 426060 532080 11 198 primary 426060 1
TSSEGLONG 6574 2 40 1458 S 426060 532080 11 199 primary 426060 1
TSSEGLONG 6749 2 40 1458 N 426060 532080 11 198 primary 426060 1
TSSEGLONG 6574 3 40 1458 S 426060 532080 11 199 primary 426060 1
TSSEGLONG 6749 3 40 1458 N 426060 532080 11 198 primary 426060 1
TSSEGLONG 6574 4 40 1458 S 426060 532080 11 199 primary 426060 1
TSSEGLONG 6749 4 40 1458 N 426060 532080 11 198 primary 426060 1
TSSEGLONG 6574 5 40 1458 S 426060 532080 11 199 primary 426060 1
TSSEGLONG 6749 5 40 1458 N 426060 532080 11 198 primary 426060 1
TSSEGLONG 6574 6 40 1458 S 426060 532080 11 199 primary 426060 1
TSSEGLONG 6749 6 40 1458 N 426060 532080 11 198 primary 426060 1
TSSEGLONG 5999 1 40 1540 S 540000 568800 22 55 primary 540000 1
TSSEGLONG 5982 1 40 1540 S 568800 612000 62 81 primary 540000 1
TSSEGLONG 5976 1 40 1540 N 540000 612000 11 135 primary 540000 1
TSSEGLONG 5999 2 40 1540 S 540000 568800 22 55 primary 540000 1
TSSEGLONG 5982 2 40 1540 S 568800 612000 62 81 primary 540000 1
TSSEGLONG 5976 2 40 1540 N 540000 612000 11 135 primary 540000 1
TSSEGLONG 5999 3 40 1540 S 540000 568800 22 55 primary 540000 1
TSSEGLONG 5982 3 40 1540 S 568800 612000 62 81 primary 540000 1
TSSEGLONG 5976 3 40 1540 N 540000 612000 11 135 primary 540000 1
TSSEGLONG 5999 4 40 1540 S 540000 568800 22 55 primary 540000 1
TSSEGLONG 5982 4 40 1540 S 568800 612000 62 81 primary 540000 1
TSSEGLONG 5976 4 40 1540 N 540000 612000 11 135 primary 540000 1
TSSEGLONG 5999 5 40 1540 S 540000 568800 22 55 primary 540000 1
TSSEGLONG 5982 5 40 1540 S 568800 612000 62 81 primary 540000 1
TSSEGLONG 5976 5 40 1540 N 540000 612000 11 135 primary 540000 1
TSSEGLONG 5999 6 40 1540 S 540000 568800 22 55 primary 540000 1
TSSEGLONG 5982 6 40 1540 S 568800 612000 62 81 primary 540000 1
TSSEGLONG 5976 6 40 1540 N 540000 612000 11 135 primary 540000 1
TSSEGLONG 5973 1 40 1540 S 612000 679000 33 127 primary 612000 1
TSSEGLONG 6781 1 40 1540 N 612000 679000 12 127 primary 612000 1
TSSEGLONG 5973 2 40 1540 S 612000 679000 33 127 primary 612000 1
TSSEGLONG 6781 2 40 1540 N 612000 679000 12 127 primary 612000 1
TSSEGLONG 5973 3 40 1540 S 612000 679000 33 127 primary 612000 1
TSSEGLONG 6781 3 40 1540 N 612000 679000 12 127 primary 612000 1
TSSEGLONG 5973 4 40 1540 S 612000 679000 33 127 primary 612000 1
TSSEGLONG 6781 4 40 1540 N 612000 679000 12 127 primary 612000 1
TSSEGLONG 5973 5 40 1540 S 612000 679000 33 127 primary 612000 1
TSSEGLONG 6781 5 40 1540 N 612000 679000 12 127 primary 612000 1
TSSEGLONG 5973 6 40 1540 S 612000 679000 33 127 primary 612000 1
TSSEGLONG 6781 6 40 1540 N 612000 679000 12 127 primary 612000 1
TSSEGLONG 6005 1 40 1600 S 607680 719820 12 209 primary 607680 1
TSSEGLONG 6121 1 40 1600 N 607680 719820 11 209 primary 607680 1
TSSEGLONG 6005 2 40 1600 S 607680 719820 12 209 primary 607680 1
TSSEGLONG 6121 2 40 1600 N 607680 719820 11 209 primary 607680 1
TSSEGLONG 6005 3 40 1600 S 607680 719820 12 209 primary 607680 1
TSSEGLONG 6121 3 40 1600 N 607680 719820 11 209 primary 607680 1
TSSEGLONG 6005 4 40 1600 S 607680 719820 12 209 primary 607680 1
TSSEGLONG 6121 4 40 1600 N 607680 719820 11 209 primary 607680 1
TSSEGLONG 6005 5 40 1600 S 607680 719820 12 209 primary 607680 1
TSSEGLONG 6121 5 40 1600 N 607680 719820 11 209 primary 607680 1
TSSEGLONG 6005 6 40 1600 S 607680 719820 12 209 primary 607680 1
TSSEGLONG 6121 6 40 1600 N 607680 719820 11 209 primary 607680 1
TSSEGLONG 6166 1 40 1660 S 692280 831600 18 259 primary 692280 1
TSSEGLONG 6174 1 40 1660 N 692280 810000 11 219 primary 692280 1
TSSEGLONG 6176 1 40 1660 N 810000 831600 52 41 primary 692280 1
TSSEGLONG 6166 2 40 1660 S 692280 831600 18 259 primary 692280 1
TSSEGLONG 6174 2 40 1660 N 692280 810000 11 219 primary 692280 1
TSSEGLONG 6176 2 40 1660 N 810000 831600 52 41 primary 692280 1
TSSEGLONG 6166 3 40 1660 S 692280 831600 18 259 primary 692280 1
TSSEGLONG 6174 3 40 1660 N 692280 810000 11 219 primary 692280 1
TSSEGLONG 6176 3 40 1660 N 810000 831600 52 41 primary 692280 1
TSSEGLONG 6166 4 40 1660 S 692280 831600 18 259 primary 692280 1
TSSEGLONG 6174 4 40 1660 N 692280 810000 11 219 primary 692280 1
TSSEGLONG 6176 4 40 1660 N 810000 831600 52 41 primary 692280 1
TSSEGLONG 6166 5 40 1660 S 692280 831600 18 259 primary 692280 1
TSSEGLONG 6174 5 40 1660 N 692280 810000 11 219 primary 692280 1
TSSEGLONG 6176 5 40 1660 N 810000 831600 52 41 primary 692280 1
TSSEGLONG 6166 6 40 1660 S 692280 831600 18 259 primary 692280 1
TSSEGLONG 6174 6 40 1660 N 692280 810000 11 219 primary 692280 1
TSSEGLONG 6176 6 40 1660 N 810000 831600 52 41 primary 692280 1
