typedef struct {
int run;
int camCol;
int rerun;
int stripeNumber;
char strip[2];
int startMu;
int endMu;
int field0;
int nFields;
char status[20];
} TSSEG;

TSSEG 1033 1 40 82 N 1147034 1273148 11 234 primary
TSSEG 1033 2 40 82 N 1147034 1273148 11 234 primary
TSSEG 1033 3 40 82 N 1147034 1273148 11 234 primary
TSSEG 1033 4 40 82 N 1147034 1273148 11 234 primary
TSSEG 1033 5 40 82 N 1147034 1273148 11 234 primary
TSSEG 1033 6 40 82 N 1147034 1273148 11 234 primary
TSSEG 1056 1 40 82 S 1173308 1292461 12 221 primary
TSSEG 1056 2 40 82 S 1173308 1292461 12 221 primary
TSSEG 1056 3 40 82 S 1173308 1292461 12 221 primary
TSSEG 1056 4 40 82 S 1173308 1292461 12 221 primary
TSSEG 1056 5 40 82 S 1173308 1292461 12 221 primary
TSSEG 1056 6 40 82 S 1173308 1292461 12 221 primary
TSSEG 125 1 40 82 S 1261690 1571915 11 576 primary
TSSEG 125 2 40 82 S 1261690 1571915 11 576 primary
TSSEG 125 3 40 82 S 1261690 1571915 11 576 primary
TSSEG 125 4 40 82 S 1261690 1571915 11 576 primary
TSSEG 125 5 40 82 S 1261690 1571915 11 576 primary
TSSEG 125 6 40 82 S 1261690 1571915 11 576 primary
TSSEG 1752 1 40 82 N 96329 275815 40 333 primary
TSSEG 1752 2 40 82 N 96329 275815 40 333 primary
TSSEG 1752 3 40 82 N 96329 275815 40 333 primary
TSSEG 1752 4 40 82 N 96329 275815 40 333 primary
TSSEG 1752 5 40 82 N 96329 275815 40 333 primary
TSSEG 1752 6 40 82 N 96329 275815 40 333 primary
TSSEG 1755 1 40 82 S 1132887 1461670 74 610 primary
TSSEG 1755 2 40 82 S 1132887 1461670 74 610 primary
TSSEG 1755 3 40 82 S 1132887 1461670 74 610 primary
TSSEG 1755 4 40 82 S 1132887 1461670 74 610 primary
TSSEG 1755 5 40 82 S 1132887 1461670 74 610 primary
TSSEG 1755 6 40 82 S 1132887 1461670 74 610 primary
TSSEG 1894 1 40 82 S 117515 206444 11 165 primary
TSSEG 1894 2 40 82 S 117515 206444 11 165 primary
TSSEG 1894 3 40 82 S 117515 206444 11 165 primary
TSSEG 1894 4 40 82 S 117515 206444 11 165 primary
TSSEG 1894 5 40 82 S 117515 206444 11 165 primary
TSSEG 1894 6 40 82 S 117515 206444 11 165 primary
TSSEG 2385 1 40 82 N 1106580 1155099 11 90 primary
TSSEG 2385 2 40 82 N 1106580 1155099 11 90 primary
TSSEG 2385 3 40 82 N 1106580 1155099 11 90 primary
TSSEG 2385 4 40 82 N 1106580 1155099 11 90 primary
TSSEG 2385 5 40 82 N 1106580 1155099 11 90 primary
TSSEG 2385 6 40 82 N 1106580 1155099 11 90 primary
TSSEG 2570 1 40 82 N 83039 148261 100 121 primary
TSSEG 2570 2 40 82 N 83039 148261 100 121 primary
TSSEG 2570 3 40 82 N 83039 148261 100 121 primary
TSSEG 2570 4 40 82 N 83039 148261 100 121 primary
TSSEG 2570 5 40 82 N 83039 148261 100 121 primary
TSSEG 2570 6 40 82 N 83039 148261 100 121 primary
TSSEG 2578 1 40 82 N 134514 215907 60 151 primary
TSSEG 2578 2 40 82 N 134514 215907 60 151 primary
TSSEG 2578 3 40 82 N 134514 215907 60 151 primary
TSSEG 2578 4 40 82 N 134514 215907 60 151 primary
TSSEG 2578 5 40 82 N 134514 215907 60 151 primary
TSSEG 2578 6 40 82 N 134514 215907 60 151 primary
TSSEG 2579 1 40 82 S 156319 209685 51 99 primary
TSSEG 2579 2 40 82 S 156319 209685 51 99 primary
TSSEG 2579 3 40 82 S 156319 209685 51 99 primary
TSSEG 2579 4 40 82 S 156319 209685 51 99 primary
TSSEG 2579 5 40 82 S 156319 209685 51 99 primary
TSSEG 2579 6 40 82 S 156319 209685 51 99 primary
TSSEG 2583 1 40 82 S 1106611 1227880 30 225 primary
TSSEG 2583 2 40 82 S 1106611 1227880 30 225 primary
TSSEG 2583 3 40 82 S 1106611 1227880 30 225 primary
TSSEG 2583 4 40 82 S 1106611 1227880 30 225 primary
TSSEG 2583 5 40 82 S 1106611 1227880 30 225 primary
TSSEG 2583 6 40 82 S 1106611 1227880 30 225 primary
TSSEG 2585 1 40 82 S 1181216 1227578 11 86 primary
TSSEG 2585 2 40 82 S 1181216 1227578 11 86 primary
TSSEG 2585 3 40 82 S 1181216 1227578 11 86 primary
TSSEG 2585 4 40 82 S 1181216 1227578 11 86 primary
TSSEG 2585 5 40 82 S 1181216 1227578 11 86 primary
TSSEG 2585 6 40 82 S 1181216 1227578 11 86 primary
TSSEG 2589 1 40 82 N 98150 219430 81 225 primary
TSSEG 2589 2 40 82 N 98150 219430 81 225 primary
TSSEG 2589 3 40 82 N 98150 219430 81 225 primary
TSSEG 2589 4 40 82 N 98150 219430 81 225 primary
TSSEG 2589 5 40 82 N 98150 219430 81 225 primary
TSSEG 2589 6 40 82 N 98150 219430 81 225 primary
TSSEG 2649 1 40 82 N 1244289 1327832 26 155 primary
TSSEG 2649 2 40 82 N 1244289 1327832 26 155 primary
TSSEG 2649 3 40 82 N 1244289 1327832 26 155 primary
TSSEG 2649 4 40 82 N 1244289 1327832 26 155 primary
TSSEG 2649 5 40 82 N 1244289 1327832 26 155 primary
TSSEG 2649 6 40 82 N 1244289 1327832 26 155 primary
TSSEG 2650 1 40 82 N 18532 107471 11 165 primary
TSSEG 2650 2 40 82 N 18532 107471 11 165 primary
TSSEG 2650 3 40 82 N 18532 107471 11 165 primary
TSSEG 2650 4 40 82 N 18532 107471 11 165 primary
TSSEG 2650 5 40 82 N 18532 107471 11 165 primary
TSSEG 2650 6 40 82 N 18532 107471 11 165 primary
TSSEG 2659 1 40 82 N 1109707 1166838 48 106 primary
TSSEG 2659 2 40 82 N 1109707 1166838 48 106 primary
TSSEG 2659 3 40 82 N 1109707 1166838 48 106 primary
TSSEG 2659 4 40 82 N 1109707 1166838 48 106 primary
TSSEG 2659 5 40 82 N 1109707 1166838 48 106 primary
TSSEG 2659 6 40 82 N 1109707 1166838 48 106 primary
TSSEG 2662 1 40 82 N 1153199 1379029 18 419 primary
TSSEG 2662 2 40 82 N 1153199 1379029 18 419 primary
TSSEG 2662 3 40 82 N 1153199 1379029 18 419 primary
TSSEG 2662 4 40 82 N 1153199 1379029 18 419 primary
TSSEG 2662 5 40 82 N 1153199 1379029 18 419 primary
TSSEG 2662 6 40 82 N 1153199 1379029 18 419 primary
TSSEG 2677 1 40 82 N 33342 113655 38 149 primary
TSSEG 2677 2 40 82 N 33342 113655 38 149 primary
TSSEG 2677 3 40 82 N 33342 113655 38 149 primary
TSSEG 2677 4 40 82 N 33342 113655 38 149 primary
TSSEG 2677 5 40 82 N 33342 113655 38 149 primary
TSSEG 2677 6 40 82 N 33342 113655 38 149 primary
TSSEG 2700 1 40 82 N 84047 221486 22 255 primary
TSSEG 2700 2 40 82 N 84047 221486 22 255 primary
TSSEG 2700 3 40 82 N 84047 221486 22 255 primary
TSSEG 2700 4 40 82 N 84047 221486 22 255 primary
TSSEG 2700 5 40 82 N 84047 221486 22 255 primary
TSSEG 2700 6 40 82 N 84047 221486 22 255 primary
TSSEG 2708 1 40 82 N 1250772 1383351 25 246 primary
TSSEG 2708 2 40 82 N 1250772 1383351 25 246 primary
TSSEG 2708 3 40 82 N 1250772 1383351 25 246 primary
TSSEG 2708 4 40 82 N 1250772 1383351 25 246 primary
TSSEG 2708 5 40 82 N 1250772 1383351 25 246 primary
TSSEG 2708 6 40 82 N 1250772 1383351 25 246 primary
TSSEG 2709 1 40 82 S 84436 212171 25 237 primary
TSSEG 2709 2 40 82 S 84436 212171 25 237 primary
TSSEG 2709 3 40 82 S 84436 212171 25 237 primary
TSSEG 2709 4 40 82 S 84436 212171 25 237 primary
TSSEG 2709 5 40 82 S 84436 212171 25 237 primary
TSSEG 2709 6 40 82 S 84436 212171 25 237 primary
TSSEG 2728 1 40 82 N 1154042 1412196 150 479 primary
TSSEG 2728 2 40 82 N 1154042 1412196 150 479 primary
TSSEG 2728 3 40 82 N 1154042 1412196 150 479 primary
TSSEG 2728 4 40 82 N 1154042 1412196 150 479 primary
TSSEG 2728 5 40 82 N 1154042 1412196 150 479 primary
TSSEG 2728 6 40 82 N 1154042 1412196 150 479 primary
TSSEG 2738 1 40 82 N 53559 217402 18 304 primary
TSSEG 2738 2 40 82 N 53559 217402 18 304 primary
TSSEG 2738 3 40 82 N 53559 217402 18 304 primary
TSSEG 2738 4 40 82 N 53559 217402 18 304 primary
TSSEG 2738 5 40 82 N 53559 217402 18 304 primary
TSSEG 2738 6 40 82 N 53559 217402 18 304 primary
TSSEG 2768 1 40 82 N 1238387 1352656 26 212 primary
TSSEG 2768 2 40 82 N 1238387 1352656 26 212 primary
TSSEG 2768 3 40 82 N 1238387 1352656 26 212 primary
TSSEG 2768 4 40 82 N 1238387 1352656 26 212 primary
TSSEG 2768 5 40 82 N 1238387 1352656 26 212 primary
TSSEG 2768 6 40 82 N 1238387 1352656 26 212 primary
TSSEG 2820 1 40 82 N 83802 215308 22 244 primary
TSSEG 2820 2 40 82 N 83802 215308 22 244 primary
TSSEG 2820 3 40 82 N 83802 215308 22 244 primary
TSSEG 2820 4 40 82 N 83802 215308 22 244 primary
TSSEG 2820 5 40 82 N 83802 215308 22 244 primary
TSSEG 2820 6 40 82 N 83802 215308 22 244 primary
TSSEG 2855 1 40 82 N 74604 104789 11 56 primary
TSSEG 2855 2 40 82 N 74604 104789 11 56 primary
TSSEG 2855 3 40 82 N 74604 104789 11 56 primary
TSSEG 2855 4 40 82 N 74604 104789 11 56 primary
TSSEG 2855 5 40 82 N 74604 104789 11 56 primary
TSSEG 2855 6 40 82 N 74604 104789 11 56 primary
TSSEG 2861 1 40 82 N 122962 228054 13 195 primary
TSSEG 2861 2 40 82 N 122962 228054 13 195 primary
TSSEG 2861 3 40 82 N 122962 228054 13 195 primary
TSSEG 2861 4 40 82 N 122962 228054 13 195 primary
TSSEG 2861 5 40 82 N 122962 228054 13 195 primary
TSSEG 2861 6 40 82 N 122962 228054 13 195 primary
TSSEG 2873 1 40 82 N 78351 216318 55 256 primary
TSSEG 2873 2 40 82 N 78351 216318 55 256 primary
TSSEG 2873 3 40 82 N 78351 216318 55 256 primary
TSSEG 2873 4 40 82 N 78351 216318 55 256 primary
TSSEG 2873 5 40 82 N 78351 216318 55 256 primary
TSSEG 2873 6 40 82 N 78351 216318 55 256 primary
TSSEG 2886 1 40 82 S 77307 215273 53 256 primary
TSSEG 2886 2 40 82 S 77307 215273 53 256 primary
TSSEG 2886 3 40 82 S 77307 215273 53 256 primary
TSSEG 2886 4 40 82 S 77307 215273 53 256 primary
TSSEG 2886 5 40 82 S 77307 215273 53 256 primary
TSSEG 2886 6 40 82 S 77307 215273 53 256 primary
TSSEG 2960 1 40 82 S 293971 334934 45 76 primary
TSSEG 2960 2 40 82 S 293971 334934 45 76 primary
TSSEG 2960 3 40 82 S 293971 334934 45 76 primary
TSSEG 2960 4 40 82 S 293971 334934 45 76 primary
TSSEG 2960 5 40 82 S 293971 334934 45 76 primary
TSSEG 2960 6 40 82 S 293971 334934 45 76 primary
TSSEG 2968 1 40 82 N 293453 334955 11 77 primary
TSSEG 2968 2 40 82 N 293453 334955 11 77 primary
TSSEG 2968 3 40 82 N 293453 334955 11 77 primary
TSSEG 2968 4 40 82 N 293453 334955 11 77 primary
TSSEG 2968 5 40 82 N 293453 334955 11 77 primary
TSSEG 2968 6 40 82 N 293453 334955 11 77 primary
TSSEG 3355 1 40 82 S 73271 216106 11 265 primary
TSSEG 3355 2 40 82 S 73271 216106 11 265 primary
TSSEG 3355 3 40 82 S 73271 216106 11 265 primary
TSSEG 3355 4 40 82 S 73271 216106 11 265 primary
TSSEG 3355 5 40 82 S 73271 216106 11 265 primary
TSSEG 3355 6 40 82 S 73271 216106 11 265 primary
TSSEG 3362 1 40 82 N 77175 198455 11 225 primary
TSSEG 3362 2 40 82 N 77175 198455 11 225 primary
TSSEG 3362 3 40 82 N 77175 198455 11 225 primary
TSSEG 3362 4 40 82 N 77175 198455 11 225 primary
TSSEG 3362 5 40 82 N 77175 198455 11 225 primary
TSSEG 3362 6 40 82 N 77175 198455 11 225 primary
TSSEG 3366 1 20 100 O 78387 144691 14 123 primary
TSSEG 3366 2 20 100 O 78387 144691 14 123 primary
TSSEG 3366 3 20 100 O 78387 144691 14 123 primary
TSSEG 3366 4 20 100 O 78387 144691 14 123 primary
TSSEG 3366 5 20 100 O 78387 144691 14 123 primary
TSSEG 3366 6 20 100 O 78387 144691 14 123 primary
TSSEG 3367 1 20 100 O 76527 144983 11 127 primary
TSSEG 3367 2 20 100 O 76527 144983 11 127 primary
TSSEG 3367 3 20 100 O 76527 144983 11 127 primary
TSSEG 3367 4 20 100 O 76527 144983 11 127 primary
TSSEG 3367 5 20 100 O 76527 144983 11 127 primary
TSSEG 3367 6 20 100 O 76527 144983 11 127 primary
TSSEG 3384 1 40 82 N 1106528 1517221 18 762 primary
TSSEG 3384 2 40 82 N 1106528 1517221 18 762 primary
TSSEG 3384 3 40 82 N 1106528 1517221 18 762 primary
TSSEG 3384 4 40 82 N 1106528 1517221 18 762 primary
TSSEG 3384 5 40 82 N 1106528 1517221 18 762 primary
TSSEG 3384 6 40 82 N 1106528 1517221 18 762 primary
TSSEG 3388 1 40 82 S 1129484 1513778 11 713 primary
TSSEG 3388 2 40 82 S 1129484 1513778 11 713 primary
TSSEG 3388 3 40 82 S 1129484 1513778 11 713 primary
TSSEG 3388 4 40 82 S 1129484 1513778 11 713 primary
TSSEG 3388 5 40 82 S 1129484 1513778 11 713 primary
TSSEG 3388 6 40 82 S 1129484 1513778 11 713 primary
TSSEG 3427 1 40 82 S 1123623 1187220 28 118 primary
TSSEG 3427 2 40 82 S 1123623 1187220 28 118 primary
TSSEG 3427 3 40 82 S 1123623 1187220 28 118 primary
TSSEG 3427 4 40 82 S 1123623 1187220 28 118 primary
TSSEG 3427 5 40 82 S 1123623 1187220 28 118 primary
TSSEG 3427 6 40 82 S 1123623 1187220 28 118 primary
TSSEG 3430 1 40 82 S 79292 135888 13 105 primary
TSSEG 3430 2 40 82 S 79292 135888 13 105 primary
TSSEG 3430 3 40 82 S 79292 135888 13 105 primary
TSSEG 3430 4 40 82 S 79292 135888 13 105 primary
TSSEG 3430 5 40 82 S 79292 135888 13 105 primary
TSSEG 3430 6 40 82 S 79292 135888 13 105 primary
TSSEG 3434 1 40 82 S 1120696 1416027 28 548 primary
TSSEG 3434 2 40 82 S 1120696 1416027 28 548 primary
TSSEG 3434 3 40 82 S 1120696 1416027 28 548 primary
TSSEG 3434 4 40 82 S 1120696 1416027 28 548 primary
TSSEG 3434 5 40 82 S 1120696 1416027 28 548 primary
TSSEG 3434 6 40 82 S 1120696 1416027 28 548 primary
TSSEG 3437 1 40 82 N 1120447 1380748 18 483 primary
TSSEG 3437 2 40 82 N 1120447 1380748 18 483 primary
TSSEG 3437 3 40 82 N 1120447 1380748 18 483 primary
TSSEG 3437 4 40 82 N 1120447 1380748 18 483 primary
TSSEG 3437 5 40 82 N 1120447 1380748 18 483 primary
TSSEG 3437 6 40 82 N 1120447 1380748 18 483 primary
TSSEG 3438 1 40 82 S 113756 216163 11 190 primary
TSSEG 3438 2 40 82 S 113756 216163 11 190 primary
TSSEG 3438 3 40 82 S 113756 216163 11 190 primary
TSSEG 3438 4 40 82 S 113756 216163 11 190 primary
TSSEG 3438 5 40 82 S 113756 216163 11 190 primary
TSSEG 3438 6 40 82 S 113756 216163 11 190 primary
TSSEG 3460 1 40 82 S 80946 216227 25 251 primary
TSSEG 3460 2 40 82 S 80946 216227 25 251 primary
TSSEG 3460 3 40 82 S 80946 216227 25 251 primary
TSSEG 3460 4 40 82 S 80946 216227 25 251 primary
TSSEG 3460 5 40 82 S 80946 216227 25 251 primary
TSSEG 3460 6 40 82 S 80946 216227 25 251 primary
TSSEG 3461 1 40 82 N 157484 215697 11 108 primary
TSSEG 3461 2 40 82 N 157484 215697 11 108 primary
TSSEG 3461 3 40 82 N 157484 215697 11 108 primary
TSSEG 3461 4 40 82 N 157484 215697 11 108 primary
TSSEG 3461 5 40 82 N 157484 215697 11 108 primary
TSSEG 3461 6 40 82 N 157484 215697 11 108 primary
TSSEG 3465 1 40 82 S 1176482 1364570 11 349 primary
TSSEG 3465 2 40 82 S 1176482 1364570 11 349 primary
TSSEG 3465 3 40 82 S 1176482 1364570 11 349 primary
TSSEG 3465 4 40 82 S 1176482 1364570 11 349 primary
TSSEG 3465 5 40 82 S 1176482 1364570 11 349 primary
TSSEG 3465 6 40 82 S 1176482 1364570 11 349 primary
TSSEG 3610 1 40 61 N 90694 162377 15 133 primary
TSSEG 3610 2 40 61 N 90694 162377 15 133 primary
TSSEG 3610 3 40 61 N 90694 162377 15 133 primary
TSSEG 3610 4 40 61 N 90694 162377 15 133 primary
TSSEG 3610 5 40 61 N 90694 162377 15 133 primary
TSSEG 3610 6 40 61 N 90694 162377 15 133 primary
TSSEG 3628 1 40 61 S 89580 166112 24 142 primary
TSSEG 3628 2 40 61 S 89580 166112 24 142 primary
TSSEG 3628 3 40 61 S 89580 166112 24 142 primary
TSSEG 3628 4 40 61 S 89580 166112 24 142 primary
TSSEG 3628 5 40 61 S 89580 166112 24 142 primary
TSSEG 3628 6 40 61 S 89580 166112 24 142 primary
TSSEG 3629 1 40 61 N 102423 166024 11 118 primary
TSSEG 3629 2 40 61 N 102423 166024 11 118 primary
TSSEG 3629 3 40 61 N 102423 166024 11 118 primary
TSSEG 3629 4 40 61 N 102423 166024 11 118 primary
TSSEG 3629 5 40 61 N 102423 166024 11 118 primary
TSSEG 3629 6 40 61 N 102423 166024 11 118 primary
TSSEG 3634 1 40 62 N 87137 162591 22 140 primary
TSSEG 3634 2 40 62 N 87137 162591 22 140 primary
TSSEG 3634 3 40 62 N 87137 162591 22 140 primary
TSSEG 3634 4 40 62 N 87137 162591 22 140 primary
TSSEG 3634 5 40 62 N 87137 162591 22 140 primary
TSSEG 3634 6 40 62 N 87137 162591 22 140 primary
TSSEG 3643 1 40 62 S 104316 163066 11 109 primary
TSSEG 3643 2 40 62 S 104316 163066 11 109 primary
TSSEG 3643 3 40 62 S 104316 163066 11 109 primary
TSSEG 3643 4 40 62 S 104316 163066 11 109 primary
TSSEG 3643 5 40 62 S 104316 163066 11 109 primary
TSSEG 3643 6 40 62 S 104316 163066 11 109 primary
TSSEG 4128 1 40 82 N 1235350 1512383 11 514 primary
TSSEG 4128 2 40 82 N 1235350 1512383 11 514 primary
TSSEG 4128 3 40 82 N 1235350 1512383 11 514 primary
TSSEG 4128 4 40 82 N 1235350 1512383 11 514 primary
TSSEG 4128 5 40 82 N 1235350 1512383 11 514 primary
TSSEG 4128 6 40 82 N 1235350 1512383 11 514 primary
TSSEG 4134 1 40 1220 N 964705 1177072 11 394 primary
TSSEG 4134 2 40 1220 N 964705 1177072 11 394 primary
TSSEG 4134 3 40 1220 N 964705 1177072 11 394 primary
TSSEG 4134 4 40 1220 N 964705 1177072 11 394 primary
TSSEG 4134 5 40 1220 N 964705 1177072 11 394 primary
TSSEG 4134 6 40 1220 N 964705 1177072 11 394 primary
TSSEG 4135 1 40 1220 S 1069932 1228949 11 295 primary
TSSEG 4135 2 40 1220 S 1069932 1228949 11 295 primary
TSSEG 4135 3 40 1220 S 1069932 1228949 11 295 primary
TSSEG 4135 4 40 1220 S 1069932 1228949 11 295 primary
TSSEG 4135 5 40 1220 S 1069932 1228949 11 295 primary
TSSEG 4135 6 40 1220 S 1069932 1228949 11 295 primary
TSSEG 4136 1 40 82 S 103881 214379 11 205 primary
TSSEG 4136 2 40 82 S 103881 214379 11 205 primary
TSSEG 4136 3 40 82 S 103881 214379 11 205 primary
TSSEG 4136 4 40 82 S 103881 214379 11 205 primary
TSSEG 4136 5 40 82 S 103881 214379 11 205 primary
TSSEG 4136 6 40 82 S 103881 214379 11 205 primary
TSSEG 4144 1 40 1220 S 988927 1085957 11 180 primary
TSSEG 4144 2 40 1220 S 988927 1085957 11 180 primary
TSSEG 4144 3 40 1220 S 988927 1085957 11 180 primary
TSSEG 4144 4 40 1220 S 988927 1085957 11 180 primary
TSSEG 4144 5 40 1220 S 988927 1085957 11 180 primary
TSSEG 4144 6 40 1220 S 988927 1085957 11 180 primary
TSSEG 4145 1 40 82 S 1242349 1513992 11 504 primary
TSSEG 4145 2 40 82 S 1242349 1513992 11 504 primary
TSSEG 4145 3 40 82 S 1242349 1513992 11 504 primary
TSSEG 4145 4 40 82 S 1242349 1513992 11 504 primary
TSSEG 4145 5 40 82 S 1242349 1513992 11 504 primary
TSSEG 4145 6 40 82 S 1242349 1513992 11 504 primary
TSSEG 4152 1 40 1220 N 1165783 1259571 11 174 primary
TSSEG 4152 2 40 1220 N 1165783 1259571 11 174 primary
TSSEG 4152 3 40 1220 N 1165783 1259571 11 174 primary
TSSEG 4152 4 40 1220 N 1165783 1259571 11 174 primary
TSSEG 4152 5 40 1220 N 1165783 1259571 11 174 primary
TSSEG 4152 6 40 1220 N 1165783 1259571 11 174 primary
TSSEG 4153 1 40 82 N 1241054 1333757 11 172 primary
TSSEG 4153 2 40 82 N 1241054 1333757 11 172 primary
TSSEG 4153 3 40 82 N 1241054 1333757 11 172 primary
TSSEG 4153 4 40 82 N 1241054 1333757 11 172 primary
TSSEG 4153 5 40 82 N 1241054 1333757 11 172 primary
TSSEG 4153 6 40 82 N 1241054 1333757 11 172 primary
TSSEG 4157 1 40 82 N 72731 216103 11 266 primary
TSSEG 4157 2 40 82 N 72731 216103 11 266 primary
TSSEG 4157 3 40 82 N 72731 216103 11 266 primary
TSSEG 4157 4 40 82 N 72731 216103 11 266 primary
TSSEG 4157 5 40 82 N 72731 216103 11 266 primary
TSSEG 4157 6 40 82 N 72731 216103 11 266 primary
TSSEG 4184 1 40 82 N 1102431 1254408 31 282 primary
TSSEG 4184 2 40 82 N 1102431 1254408 31 282 primary
TSSEG 4184 3 40 82 N 1102431 1254408 31 282 primary
TSSEG 4184 4 40 82 N 1102431 1254408 31 282 primary
TSSEG 4184 5 40 82 N 1102431 1254408 31 282 primary
TSSEG 4184 6 40 82 N 1102431 1254408 31 282 primary
TSSEG 4187 1 40 82 S 1113282 1168795 11 103 primary
TSSEG 4187 2 40 82 S 1113282 1168795 11 103 primary
TSSEG 4187 3 40 82 S 1113282 1168795 11 103 primary
TSSEG 4187 4 40 82 S 1113282 1168795 11 103 primary
TSSEG 4187 5 40 82 S 1113282 1168795 11 103 primary
TSSEG 4187 6 40 82 S 1113282 1168795 11 103 primary
TSSEG 4188 1 40 82 N 1242476 1320088 11 144 primary
TSSEG 4188 2 40 82 N 1242476 1320088 11 144 primary
TSSEG 4188 3 40 82 N 1242476 1320088 11 144 primary
TSSEG 4188 4 40 82 N 1242476 1320088 11 144 primary
TSSEG 4188 5 40 82 N 1242476 1320088 11 144 primary
TSSEG 4188 6 40 82 N 1242476 1320088 11 144 primary
TSSEG 4192 1 40 82 S 1109901 1375054 11 492 primary
TSSEG 4192 2 40 82 S 1109901 1375054 11 492 primary
TSSEG 4192 3 40 82 S 1109901 1375054 11 492 primary
TSSEG 4192 4 40 82 S 1109901 1375054 11 492 primary
TSSEG 4192 5 40 82 S 1109901 1375054 11 492 primary
TSSEG 4192 6 40 82 S 1109901 1375054 11 492 primary
TSSEG 4198 1 40 82 N 1106662 1511403 11 751 primary
TSSEG 4198 2 40 82 N 1106662 1511403 11 751 primary
TSSEG 4198 3 40 82 N 1106662 1511403 11 751 primary
TSSEG 4198 4 40 82 N 1106662 1511403 11 751 primary
TSSEG 4198 5 40 82 N 1106662 1511403 11 751 primary
TSSEG 4198 6 40 82 N 1106662 1511403 11 751 primary
TSSEG 4203 1 40 82 S 1095330 1512468 33 774 primary
TSSEG 4203 2 40 82 S 1095330 1512468 33 774 primary
TSSEG 4203 3 40 82 S 1095330 1512468 33 774 primary
TSSEG 4203 4 40 82 S 1095330 1512468 33 774 primary
TSSEG 4203 5 40 82 S 1095330 1512468 33 774 primary
TSSEG 4203 6 40 82 S 1095330 1512468 33 774 primary
TSSEG 4207 1 40 82 N 1101484 1512153 11 762 primary
TSSEG 4207 2 40 82 N 1101484 1512153 11 762 primary
TSSEG 4207 3 40 82 N 1101484 1512153 11 762 primary
TSSEG 4207 4 40 82 N 1101484 1512153 11 762 primary
TSSEG 4207 5 40 82 N 1101484 1512153 11 762 primary
TSSEG 4207 6 40 82 N 1101484 1512153 11 762 primary
TSSEG 4247 1 40 82 S 1243128 1355226 11 208 primary
TSSEG 4247 2 40 82 S 1243128 1355226 11 208 primary
TSSEG 4247 3 40 82 S 1243128 1355226 11 208 primary
TSSEG 4247 4 40 82 S 1243128 1355226 11 208 primary
TSSEG 4247 5 40 82 S 1243128 1355226 11 208 primary
TSSEG 4247 6 40 82 S 1243128 1355226 11 208 primary
TSSEG 4253 1 40 82 N 1243402 1336099 11 172 primary
TSSEG 4253 2 40 82 N 1243402 1336099 11 172 primary
TSSEG 4253 3 40 82 N 1243402 1336099 11 172 primary
TSSEG 4253 4 40 82 N 1243402 1336099 11 172 primary
TSSEG 4253 5 40 82 N 1243402 1336099 11 172 primary
TSSEG 4253 6 40 82 N 1243402 1336099 11 172 primary
TSSEG 4263 1 40 82 S 1239393 1485684 11 457 primary
TSSEG 4263 2 40 82 S 1239393 1485684 11 457 primary
TSSEG 4263 3 40 82 S 1239393 1485684 11 457 primary
TSSEG 4263 4 40 82 S 1239393 1485684 11 457 primary
TSSEG 4263 5 40 82 S 1239393 1485684 11 457 primary
TSSEG 4263 6 40 82 S 1239393 1485684 11 457 primary
TSSEG 4288 1 40 82 S 72859 163403 11 168 primary
TSSEG 4288 2 40 82 S 72859 163403 11 168 primary
TSSEG 4288 3 40 82 S 72859 163403 11 168 primary
TSSEG 4288 4 40 82 S 72859 163403 11 168 primary
TSSEG 4288 5 40 82 S 72859 163403 11 168 primary
TSSEG 4288 6 40 82 S 72859 163403 11 168 primary
TSSEG 4797 1 40 82 N 1106776 1203790 11 180 primary
TSSEG 4797 2 40 82 N 1106776 1203790 11 180 primary
TSSEG 4797 3 40 82 N 1106776 1203790 11 180 primary
TSSEG 4797 4 40 82 N 1106776 1203790 11 180 primary
TSSEG 4797 5 40 82 N 1106776 1203790 11 180 primary
TSSEG 4797 6 40 82 N 1106776 1203790 11 180 primary
TSSEG 4800 1 40 1260 N 106731 217235 11 205 primary
TSSEG 4800 2 40 1260 N 106731 217235 11 205 primary
TSSEG 4800 3 40 1260 N 106731 217235 11 205 primary
TSSEG 4800 4 40 1260 N 106731 217235 11 205 primary
TSSEG 4800 5 40 1260 N 106731 217235 11 205 primary
TSSEG 4800 6 40 1260 N 106731 217235 11 205 primary
TSSEG 4828 1 40 1100 N 900120 1201928 39 560 primary
TSSEG 4828 2 40 1100 N 900120 1201928 39 560 primary
TSSEG 4828 3 40 1100 N 900120 1201928 39 560 primary
TSSEG 4828 4 40 1100 N 900120 1201928 39 560 primary
TSSEG 4828 5 40 1100 N 900120 1201928 39 560 primary
TSSEG 4828 6 40 1100 N 900120 1201928 39 560 primary
TSSEG 4829 1 40 1260 S 96375 269926 11 322 primary
TSSEG 4829 2 40 1260 S 96375 269926 11 322 primary
TSSEG 4829 3 40 1260 S 96375 269926 11 322 primary
TSSEG 4829 4 40 1260 S 96375 269926 11 322 primary
TSSEG 4829 5 40 1260 S 96375 269926 11 322 primary
TSSEG 4829 6 40 1260 S 96375 269926 11 322 primary
TSSEG 4832 2 40 1100 S 1058976 1202112 316 267 primary
TSSEG 4836 1 40 72 S 1106294 1358531 11 468 primary
TSSEG 4836 2 40 72 S 1106294 1358531 11 468 primary
TSSEG 4836 3 40 72 S 1106294 1358531 11 468 primary
TSSEG 4836 4 40 72 S 1106294 1358531 11 468 primary
TSSEG 4836 5 40 72 S 1106294 1358531 11 468 primary
TSSEG 4836 6 40 72 S 1106294 1358531 11 468 primary
TSSEG 4851 1 40 72 N 1286462 1345215 11 109 primary
TSSEG 4851 2 40 72 N 1286462 1345215 11 109 primary
TSSEG 4851 3 40 72 N 1286462 1345215 11 109 primary
TSSEG 4851 4 40 72 N 1286462 1345215 11 109 primary
TSSEG 4851 5 40 72 N 1286462 1345215 11 109 primary
TSSEG 4851 6 40 72 N 1286462 1345215 11 109 primary
TSSEG 4874 1 40 82 N 1074847 1608410 11 990 primary
TSSEG 4874 2 40 82 N 1074847 1608410 11 990 primary
TSSEG 4874 3 40 82 N 1074847 1608410 11 990 primary
TSSEG 4874 4 40 82 N 1074847 1608410 11 990 primary
TSSEG 4874 5 40 82 N 1074847 1608410 11 990 primary
TSSEG 4874 6 40 82 N 1074847 1608410 11 990 primary
TSSEG 4930 1 40 82 S 1090662 1298148 11 385 primary
TSSEG 4930 2 40 82 S 1090662 1298148 11 385 primary
TSSEG 4930 3 40 82 S 1090662 1298148 11 385 primary
TSSEG 4930 4 40 82 S 1090662 1298148 11 385 primary
TSSEG 4930 5 40 82 S 1090662 1298148 11 385 primary
TSSEG 4930 6 40 82 S 1090662 1298148 11 385 primary
TSSEG 5042 1 40 82 S 69800 215851 11 271 primary
TSSEG 5042 2 40 82 S 69800 215851 11 271 primary
TSSEG 5042 3 40 82 S 69800 215851 11 271 primary
TSSEG 5042 4 40 82 S 69800 215851 11 271 primary
TSSEG 5042 5 40 82 S 69800 215851 11 271 primary
TSSEG 5042 6 40 82 S 69800 215851 11 271 primary
TSSEG 5052 1 40 82 S 1243118 1384318 11 262 primary
TSSEG 5052 2 40 82 S 1243118 1384318 11 262 primary
TSSEG 5052 3 40 82 S 1243118 1384318 11 262 primary
TSSEG 5052 4 40 82 S 1243118 1384318 11 262 primary
TSSEG 5052 5 40 82 S 1243118 1384318 11 262 primary
TSSEG 5052 6 40 82 S 1243118 1384318 11 262 primary
TSSEG 94 1 40 82 N 1211696 1496723 12 529 primary
TSSEG 94 2 40 82 N 1211696 1496723 12 529 primary
TSSEG 94 3 40 82 N 1211696 1496723 12 529 primary
TSSEG 94 4 40 82 N 1211696 1496723 12 529 primary
TSSEG 94 5 40 82 N 1211696 1496723 12 529 primary
TSSEG 94 6 40 82 N 1211696 1496723 12 529 primary
