date 2007 Feb 9

typedef struct {
int run;
int camCol;
int rerun;
int stripeNumber;
char strip[2];
int startMu;
int endMu;
int field0;
int nFields;
char status[20];
int startMuStripe;
int skyVersion;
} TSSEGLONG;

TSSEGLONG 5384 1 40 1020 S 897120 954000 11 112 primary 897120 1
TSSEGLONG 5396 1 40 1020 N 897120 954000 76 112 primary 897120 1
TSSEGLONG 5384 2 40 1020 S 897120 954000 11 112 primary 897120 1
TSSEGLONG 5396 2 40 1020 N 897120 954000 76 112 primary 897120 1
TSSEGLONG 5384 3 40 1020 S 897120 954000 11 112 primary 897120 1
TSSEGLONG 5396 3 40 1020 N 897120 954000 76 112 primary 897120 1
TSSEGLONG 5384 4 40 1020 S 897120 954000 11 112 primary 897120 1
TSSEGLONG 5396 4 40 1020 N 897120 954000 76 112 primary 897120 1
TSSEGLONG 5384 5 40 1020 S 897120 954000 11 112 primary 897120 1
TSSEGLONG 5396 5 40 1020 N 897120 954000 76 112 primary 897120 1
TSSEGLONG 5384 6 40 1020 S 897120 954000 11 112 primary 897120 1
TSSEGLONG 5396 6 40 1020 N 897120 954000 76 112 primary 897120 1
TSSEGLONG 5421 1 40 1062 S 1088280 1117800 155 80 primary 1088280 1
TSSEGLONG 5415 1 40 1062 N 1088280 1117800 11 80 primary 1088280 1
TSSEGLONG 5421 2 40 1062 S 1088280 1117800 155 80 primary 1088280 1
TSSEGLONG 5415 2 40 1062 N 1088280 1117800 11 80 primary 1088280 1
TSSEGLONG 5421 3 40 1062 S 1088280 1117800 155 80 primary 1088280 1
TSSEGLONG 5415 3 40 1062 N 1088280 1117800 11 80 primary 1088280 1
TSSEGLONG 5421 4 40 1062 S 1088280 1117800 155 80 primary 1088280 1
TSSEGLONG 5415 4 40 1062 N 1088280 1117800 11 80 primary 1088280 1
TSSEGLONG 5421 5 40 1062 S 1088280 1117800 155 80 primary 1088280 1
TSSEGLONG 5415 5 40 1062 N 1088280 1117800 11 80 primary 1088280 1
TSSEGLONG 5421 6 40 1062 S 1088280 1117800 155 80 primary 1088280 1
TSSEGLONG 5415 6 40 1062 N 1088280 1117800 11 80 primary 1088280 1
TSSEGLONG 4832 1 40 1100 S 907200 972000 34 121 primary 907200 1
TSSEGLONG 4828 1 40 1100 N 907200 972000 51 122 primary 907200 1
TSSEGLONG 4832 2 40 1100 S 907200 972000 34 121 primary 907200 1
TSSEGLONG 4828 2 40 1100 N 907200 972000 51 122 primary 907200 1
TSSEGLONG 4832 3 40 1100 S 907200 972000 34 121 primary 907200 1
TSSEGLONG 4828 3 40 1100 N 907200 972000 51 122 primary 907200 1
TSSEGLONG 4832 4 40 1100 S 907200 972000 34 121 primary 907200 1
TSSEGLONG 4828 4 40 1100 N 907200 972000 51 122 primary 907200 1
TSSEGLONG 4832 5 40 1100 S 907200 972000 34 121 primary 907200 1
TSSEGLONG 4828 5 40 1100 N 907200 972000 51 122 primary 907200 1
TSSEGLONG 4832 6 40 1100 S 907200 972000 34 121 primary 907200 1
TSSEGLONG 4828 6 40 1100 N 907200 972000 51 122 primary 907200 1
TSSEGLONG 4832 1 40 1100 S 972000 997222 154 50 primary 972000 1
TSSEGLONG 4828 1 40 1100 N 972000 997222 172 50 primary 972000 1
TSSEGLONG 4832 2 40 1100 S 972000 997222 154 50 primary 972000 1
TSSEGLONG 4828 2 40 1100 N 972000 997222 172 50 primary 972000 1
TSSEGLONG 4832 3 40 1100 S 972000 997222 154 50 primary 972000 1
TSSEGLONG 4828 3 40 1100 N 972000 997222 172 50 primary 972000 1
TSSEGLONG 4832 4 40 1100 S 972000 997222 154 50 primary 972000 1
TSSEGLONG 4828 4 40 1100 N 972000 997222 172 50 primary 972000 1
TSSEGLONG 4832 5 40 1100 S 972000 997222 154 50 primary 972000 1
TSSEGLONG 4828 5 40 1100 N 972000 997222 172 50 primary 972000 1
TSSEGLONG 4832 6 40 1100 S 972000 997222 154 50 primary 972000 1
TSSEGLONG 4828 6 40 1100 N 972000 997222 172 50 primary 972000 1
TSSEGLONG 5403 1 40 1140 S 915480 1016280 11 193 primary 915480 1
TSSEGLONG 5416 1 40 1140 N 915480 1016280 11 193 primary 915480 1
TSSEGLONG 5403 2 40 1140 S 915480 1016280 11 193 primary 915480 1
TSSEGLONG 5416 2 40 1140 N 915480 1016280 11 193 primary 915480 1
TSSEGLONG 5403 3 40 1140 S 915480 1016280 11 193 primary 915480 1
TSSEGLONG 5416 3 40 1140 N 915480 1016280 11 193 primary 915480 1
TSSEGLONG 5403 4 40 1140 S 915480 1016280 11 193 primary 915480 1
TSSEGLONG 5416 4 40 1140 N 915480 1016280 11 193 primary 915480 1
TSSEGLONG 5403 5 40 1140 S 915480 1016280 11 193 primary 915480 1
TSSEGLONG 5416 5 40 1140 N 915480 1016280 11 193 primary 915480 1
TSSEGLONG 5403 6 40 1140 S 915480 1016280 11 193 primary 915480 1
TSSEGLONG 5416 6 40 1140 N 915480 1016280 11 193 primary 915480 1
TSSEGLONG 6122 1 40 1188 S 886500 951120 11 121 primary 886500 1
TSSEGLONG 6123 1 40 1188 S 951120 997200 11 86 primary 886500 1
TSSEGLONG 6169 1 40 1188 S 997200 1019880 11 44 primary 886500 1
TSSEGLONG 6182 1 40 1188 S 1019880 1120680 11 187 primary 886500 1
TSSEGLONG 6162 1 40 1188 N 886500 1120680 14 435 primary 886500 1
TSSEGLONG 6122 2 40 1188 S 886500 951120 11 121 primary 886500 1
TSSEGLONG 6123 2 40 1188 S 951120 997200 11 86 primary 886500 1
TSSEGLONG 6169 2 40 1188 S 997200 1019880 11 44 primary 886500 1
TSSEGLONG 6182 2 40 1188 S 1019880 1120680 11 187 primary 886500 1
TSSEGLONG 6162 2 40 1188 N 886500 1120680 14 435 primary 886500 1
TSSEGLONG 6122 3 40 1188 S 886500 951120 11 121 primary 886500 1
TSSEGLONG 6123 3 40 1188 S 951120 997200 11 86 primary 886500 1
TSSEGLONG 6169 3 40 1188 S 997200 1019880 11 44 primary 886500 1
TSSEGLONG 6182 3 40 1188 S 1019880 1120680 11 187 primary 886500 1
TSSEGLONG 6162 3 40 1188 N 886500 1120680 14 435 primary 886500 1
TSSEGLONG 6122 4 40 1188 S 886500 951120 11 121 primary 886500 1
TSSEGLONG 6123 4 40 1188 S 951120 997200 11 86 primary 886500 1
TSSEGLONG 6169 4 40 1188 S 997200 1019880 11 44 primary 886500 1
TSSEGLONG 6182 4 40 1188 S 1019880 1120680 11 187 primary 886500 1
TSSEGLONG 6162 4 40 1188 N 886500 1120680 14 435 primary 886500 1
TSSEGLONG 6122 5 40 1188 S 886500 951120 11 121 primary 886500 1
TSSEGLONG 6123 5 40 1188 S 951120 997200 11 86 primary 886500 1
TSSEGLONG 6169 5 40 1188 S 997200 1019880 11 44 primary 886500 1
TSSEGLONG 6182 5 40 1188 S 1019880 1120680 11 187 primary 886500 1
TSSEGLONG 6162 5 40 1188 N 886500 1120680 14 435 primary 886500 1
TSSEGLONG 6122 6 40 1188 S 886500 951120 11 121 primary 886500 1
TSSEGLONG 6123 6 40 1188 S 951120 997200 11 86 primary 886500 1
TSSEGLONG 6169 6 40 1188 S 997200 1019880 11 44 primary 886500 1
TSSEGLONG 6182 6 40 1188 S 1019880 1120680 11 187 primary 886500 1
TSSEGLONG 6162 6 40 1188 N 886500 1120680 14 435 primary 886500 1
TSSEGLONG 4144 1 40 1220 S 990000 1072800 12 155 primary 990000 1
TSSEGLONG 4135 1 40 1220 S 1072800 1224000 16 282 primary 990000 1
TSSEGLONG 4134 1 40 1220 N 990000 1173600 57 342 primary 990000 1
TSSEGLONG 4152 1 40 1220 N 1173600 1224000 25 95 primary 990000 1
TSSEGLONG 4144 2 40 1220 S 990000 1072800 12 155 primary 990000 1
TSSEGLONG 4135 2 40 1220 S 1072800 1224000 16 282 primary 990000 1
TSSEGLONG 4134 2 40 1220 N 990000 1173600 57 342 primary 990000 1
TSSEGLONG 4152 2 40 1220 N 1173600 1224000 25 95 primary 990000 1
TSSEGLONG 4144 3 40 1220 S 990000 1072800 12 155 primary 990000 1
TSSEGLONG 4135 3 40 1220 S 1072800 1224000 16 282 primary 990000 1
TSSEGLONG 4134 3 40 1220 N 990000 1173600 57 342 primary 990000 1
TSSEGLONG 4152 3 40 1220 N 1173600 1224000 25 95 primary 990000 1
TSSEGLONG 4144 4 40 1220 S 990000 1072800 12 155 primary 990000 1
TSSEGLONG 4135 4 40 1220 S 1072800 1224000 16 282 primary 990000 1
TSSEGLONG 4134 4 40 1220 N 990000 1173600 57 342 primary 990000 1
TSSEGLONG 4152 4 40 1220 N 1173600 1224000 25 95 primary 990000 1
TSSEGLONG 4144 5 40 1220 S 990000 1072800 12 155 primary 990000 1
TSSEGLONG 4135 5 40 1220 S 1072800 1224000 16 282 primary 990000 1
TSSEGLONG 4134 5 40 1220 N 990000 1173600 57 342 primary 990000 1
TSSEGLONG 4152 5 40 1220 N 1173600 1224000 25 95 primary 990000 1
TSSEGLONG 4144 6 40 1220 S 990000 1072800 12 155 primary 990000 1
TSSEGLONG 4135 6 40 1220 S 1072800 1224000 16 282 primary 990000 1
TSSEGLONG 4134 6 40 1220 N 990000 1173600 57 342 primary 990000 1
TSSEGLONG 4152 6 40 1220 N 1173600 1224000 25 95 primary 990000 1
TSSEGLONG 4829 1 40 1260 S 108000 216000 27 209 primary 108000 1
TSSEGLONG 4800 1 40 1260 N 108000 216000 11 205 primary 108000 1
TSSEGLONG 4829 2 40 1260 S 108000 216000 27 209 primary 108000 1
TSSEGLONG 4800 2 40 1260 N 108000 216000 11 205 primary 108000 1
TSSEGLONG 4829 3 40 1260 S 108000 216000 27 209 primary 108000 1
TSSEGLONG 4800 3 40 1260 N 108000 216000 11 205 primary 108000 1
TSSEGLONG 4829 4 40 1260 S 108000 216000 27 209 primary 108000 1
TSSEGLONG 4800 4 40 1260 N 108000 216000 11 205 primary 108000 1
TSSEGLONG 4829 5 40 1260 S 108000 216000 27 209 primary 108000 1
TSSEGLONG 4800 5 40 1260 N 108000 216000 11 205 primary 108000 1
TSSEGLONG 4829 6 40 1260 S 108000 216000 27 209 primary 108000 1
TSSEGLONG 4800 6 40 1260 N 108000 216000 11 205 primary 108000 1
TSSEGLONG 6075 1 40 1260 S 369900 398700 11 54 primary 369900 1
TSSEGLONG 5960 1 40 1260 N 369900 398700 153 57 primary 369900 1
TSSEGLONG 6075 2 40 1260 S 369900 398700 11 54 primary 369900 1
TSSEGLONG 5960 2 40 1260 N 369900 398700 153 57 primary 369900 1
TSSEGLONG 6075 3 40 1260 S 369900 398700 11 54 primary 369900 1
TSSEGLONG 5960 3 40 1260 N 369900 398700 153 57 primary 369900 1
TSSEGLONG 6075 4 40 1260 S 369900 398700 11 54 primary 369900 1
TSSEGLONG 5960 4 40 1260 N 369900 398700 153 57 primary 369900 1
TSSEGLONG 6075 5 40 1260 S 369900 398700 11 54 primary 369900 1
TSSEGLONG 5960 5 40 1260 N 369900 398700 153 57 primary 369900 1
TSSEGLONG 6075 6 40 1260 S 369900 398700 11 54 primary 369900 1
TSSEGLONG 5960 6 40 1260 N 369900 398700 153 57 primary 369900 1
TSSEGLONG 5817 1 40 1300 S 144900 289800 11 340 primary 144900 1
TSSEGLONG 5934 1 40 1300 N 144900 289800 11 270 primary 144900 1
TSSEGLONG 5817 2 40 1300 S 144900 289800 11 340 primary 144900 1
TSSEGLONG 5934 2 40 1300 N 144900 289800 11 270 primary 144900 1
TSSEGLONG 5817 3 40 1300 S 144900 289800 11 340 primary 144900 1
TSSEGLONG 5934 3 40 1300 N 144900 289800 11 270 primary 144900 1
TSSEGLONG 5817 4 40 1300 S 144900 289800 11 340 primary 144900 1
TSSEGLONG 5934 4 40 1300 N 144900 289800 11 270 primary 144900 1
TSSEGLONG 5817 5 40 1300 S 144900 289800 11 340 primary 144900 1
TSSEGLONG 5934 5 40 1300 N 144900 289800 11 270 primary 144900 1
TSSEGLONG 5817 6 40 1300 S 144900 289800 11 340 primary 144900 1
TSSEGLONG 5934 6 40 1300 N 144900 289800 11 270 primary 144900 1
TSSEGLONG 4887 1 40 1300 S 291600 435600 11 280 primary 291600 1
TSSEGLONG 5044 1 40 1300 N 291600 352800 11 139 primary 291600 1
TSSEGLONG 5060 1 40 1300 N 352800 435600 41 162 primary 291600 1
TSSEGLONG 4887 2 40 1300 S 291600 435600 11 280 primary 291600 1
TSSEGLONG 5044 2 40 1300 N 291600 352800 11 139 primary 291600 1
TSSEGLONG 5060 2 40 1300 N 352800 435600 41 162 primary 291600 1
TSSEGLONG 4887 3 40 1300 S 291600 435600 11 280 primary 291600 1
TSSEGLONG 5044 3 40 1300 N 291600 352800 11 139 primary 291600 1
TSSEGLONG 5060 3 40 1300 N 352800 435600 41 162 primary 291600 1
TSSEGLONG 4887 4 40 1300 S 291600 435600 11 280 primary 291600 1
TSSEGLONG 5044 4 40 1300 N 291600 352800 11 139 primary 291600 1
TSSEGLONG 5060 4 40 1300 N 352800 435600 41 162 primary 291600 1
TSSEGLONG 4887 5 40 1300 S 291600 435600 11 280 primary 291600 1
TSSEGLONG 5044 5 40 1300 N 291600 352800 11 139 primary 291600 1
TSSEGLONG 5060 5 40 1300 N 352800 435600 41 162 primary 291600 1
TSSEGLONG 4887 6 40 1300 S 291600 435600 11 280 primary 291600 1
TSSEGLONG 5044 6 40 1300 N 291600 352800 11 139 primary 291600 1
TSSEGLONG 5060 6 40 1300 N 352800 435600 41 162 primary 291600 1
TSSEGLONG 4836 1 40 72 S 1107000 1245600 11 261 primary 1107000 1
TSSEGLONG 4879 1 40 72 N 1107000 1198800 21 173 primary 1107000 1
TSSEGLONG 4880 1 40 72 N 1198800 1245600 22 89 primary 1107000 1
TSSEGLONG 4836 2 40 72 S 1107000 1245600 11 261 primary 1107000 1
TSSEGLONG 4879 2 40 72 N 1107000 1198800 21 173 primary 1107000 1
TSSEGLONG 4880 2 40 72 N 1198800 1245600 22 89 primary 1107000 1
TSSEGLONG 4836 3 40 72 S 1107000 1245600 11 261 primary 1107000 1
TSSEGLONG 4879 3 40 72 N 1107000 1198800 21 173 primary 1107000 1
TSSEGLONG 4880 3 40 72 N 1198800 1245600 22 89 primary 1107000 1
TSSEGLONG 4836 4 40 72 S 1107000 1245600 11 261 primary 1107000 1
TSSEGLONG 4879 4 40 72 N 1107000 1198800 21 173 primary 1107000 1
TSSEGLONG 4880 4 40 72 N 1198800 1245600 22 89 primary 1107000 1
TSSEGLONG 4836 5 40 72 S 1107000 1245600 11 261 primary 1107000 1
TSSEGLONG 4879 5 40 72 N 1107000 1198800 21 173 primary 1107000 1
TSSEGLONG 4880 5 40 72 N 1198800 1245600 22 89 primary 1107000 1
TSSEGLONG 4836 6 40 72 S 1107000 1245600 11 261 primary 1107000 1
TSSEGLONG 4879 6 40 72 N 1107000 1198800 21 173 primary 1107000 1
TSSEGLONG 4880 6 40 72 N 1198800 1245600 22 89 primary 1107000 1
TSSEGLONG 4836 1 40 72 S 1288800 1342800 345 111 primary 1288800 1
TSSEGLONG 4851 1 40 72 N 1288800 1342800 11 109 primary 1288800 1
TSSEGLONG 4836 2 40 72 S 1288800 1342800 345 111 primary 1288800 1
TSSEGLONG 4851 2 40 72 N 1288800 1342800 11 109 primary 1288800 1
TSSEGLONG 4836 3 40 72 S 1288800 1342800 345 111 primary 1288800 1
TSSEGLONG 4851 3 40 72 N 1288800 1342800 11 109 primary 1288800 1
TSSEGLONG 4836 4 40 72 S 1288800 1342800 345 111 primary 1288800 1
TSSEGLONG 4851 4 40 72 N 1288800 1342800 11 109 primary 1288800 1
TSSEGLONG 4836 5 40 72 S 1288800 1342800 345 111 primary 1288800 1
TSSEGLONG 4851 5 40 72 N 1288800 1342800 11 109 primary 1288800 1
TSSEGLONG 4836 6 40 72 S 1288800 1342800 345 111 primary 1288800 1
TSSEGLONG 4851 6 40 72 N 1288800 1342800 11 109 primary 1288800 1
TSSEGLONG 4843 1 40 72 S 73800 158400 68 175 primary 73800 1
TSSEGLONG 4844 1 40 72 N 73800 158400 11 158 primary 73800 1
TSSEGLONG 4843 2 40 72 S 73800 158400 68 175 primary 73800 1
TSSEGLONG 4844 2 40 72 N 73800 158400 11 158 primary 73800 1
TSSEGLONG 4843 3 40 72 S 73800 158400 68 175 primary 73800 1
TSSEGLONG 4844 3 40 72 N 73800 158400 11 158 primary 73800 1
TSSEGLONG 4843 4 40 72 S 73800 158400 68 175 primary 73800 1
TSSEGLONG 4844 4 40 72 N 73800 158400 11 158 primary 73800 1
TSSEGLONG 4843 5 40 72 S 73800 158400 68 175 primary 73800 1
TSSEGLONG 4844 5 40 72 N 73800 158400 11 158 primary 73800 1
TSSEGLONG 4843 6 40 72 S 73800 158400 68 175 primary 73800 1
TSSEGLONG 4844 6 40 72 N 73800 158400 11 158 primary 73800 1
TSSEGLONG 5655 1 40 79 S 1110600 1245600 11 253 primary 1110600 1
TSSEGLONG 5598 1 40 79 S 1245600 1306800 11 193 primary 1110600 1
TSSEGLONG 5656 1 40 79 S 1306800 1377000 11 157 primary 1110600 1
TSSEGLONG 5640 1 40 79 N 1110600 1245600 11 274 primary 1110600 1
TSSEGLONG 5636 1 40 79 N 1245600 1306800 11 151 primary 1110600 1
TSSEGLONG 5641 1 40 79 N 1306800 1377000 11 150 primary 1110600 1
TSSEGLONG 5655 2 40 79 S 1110600 1245600 11 253 primary 1110600 1
TSSEGLONG 5598 2 40 79 S 1245600 1306800 11 193 primary 1110600 1
TSSEGLONG 5656 2 40 79 S 1306800 1377000 11 157 primary 1110600 1
TSSEGLONG 5640 2 40 79 N 1110600 1245600 11 274 primary 1110600 1
TSSEGLONG 5636 2 40 79 N 1245600 1306800 11 151 primary 1110600 1
TSSEGLONG 5641 2 40 79 N 1306800 1377000 11 150 primary 1110600 1
TSSEGLONG 5655 3 40 79 S 1110600 1245600 11 253 primary 1110600 1
TSSEGLONG 5598 3 40 79 S 1245600 1306800 11 193 primary 1110600 1
TSSEGLONG 5656 3 40 79 S 1306800 1377000 11 157 primary 1110600 1
TSSEGLONG 5640 3 40 79 N 1110600 1245600 11 274 primary 1110600 1
TSSEGLONG 5636 3 40 79 N 1245600 1306800 11 151 primary 1110600 1
TSSEGLONG 5641 3 40 79 N 1306800 1377000 11 150 primary 1110600 1
TSSEGLONG 5655 4 40 79 S 1110600 1245600 11 253 primary 1110600 1
TSSEGLONG 5598 4 40 79 S 1245600 1306800 11 193 primary 1110600 1
TSSEGLONG 5656 4 40 79 S 1306800 1377000 11 157 primary 1110600 1
TSSEGLONG 5640 4 40 79 N 1110600 1245600 11 274 primary 1110600 1
TSSEGLONG 5636 4 40 79 N 1245600 1306800 11 151 primary 1110600 1
TSSEGLONG 5641 4 40 79 N 1306800 1377000 11 150 primary 1110600 1
TSSEGLONG 5655 5 40 79 S 1110600 1245600 11 253 primary 1110600 1
TSSEGLONG 5598 5 40 79 S 1245600 1306800 11 193 primary 1110600 1
TSSEGLONG 5656 5 40 79 S 1306800 1377000 11 157 primary 1110600 1
TSSEGLONG 5640 5 40 79 N 1110600 1245600 11 274 primary 1110600 1
TSSEGLONG 5636 5 40 79 N 1245600 1306800 11 151 primary 1110600 1
TSSEGLONG 5641 5 40 79 N 1306800 1377000 11 150 primary 1110600 1
TSSEGLONG 5655 6 40 79 S 1110600 1245600 11 253 primary 1110600 1
TSSEGLONG 5598 6 40 79 S 1245600 1306800 11 193 primary 1110600 1
TSSEGLONG 5656 6 40 79 S 1306800 1377000 11 157 primary 1110600 1
TSSEGLONG 5640 6 40 79 N 1110600 1245600 11 274 primary 1110600 1
TSSEGLONG 5636 6 40 79 N 1245600 1306800 11 151 primary 1110600 1
TSSEGLONG 5641 6 40 79 N 1306800 1377000 11 150 primary 1110600 1
TSSEGLONG 5065 1 40 79 S 81000 203400 11 245 primary 81000 1
TSSEGLONG 5714 1 40 79 N 81000 203400 11 246 primary 81000 1
TSSEGLONG 5065 2 40 79 S 81000 203400 11 245 primary 81000 1
TSSEGLONG 5714 2 40 79 N 81000 203400 11 246 primary 81000 1
TSSEGLONG 5065 3 40 79 S 81000 203400 11 245 primary 81000 1
TSSEGLONG 5714 3 40 79 N 81000 203400 11 246 primary 81000 1
TSSEGLONG 5065 4 40 79 S 81000 203400 11 245 primary 81000 1
TSSEGLONG 5714 4 40 79 N 81000 203400 11 246 primary 81000 1
TSSEGLONG 5065 5 40 79 S 81000 203400 11 245 primary 81000 1
TSSEGLONG 5714 5 40 79 N 81000 203400 11 246 primary 81000 1
TSSEGLONG 5065 6 40 79 S 81000 203400 11 245 primary 81000 1
TSSEGLONG 5714 6 40 79 N 81000 203400 11 246 primary 81000 1

